19.99786 85.000
20.00816 100.000
20.01847 88.000
20.02878 121.000
20.03909 93.000
20.04940 105.000
20.05970 90.000
20.07001 110.000
20.08032 113.000
20.09063 110.000
20.10094 113.000
20.11124 99.000
20.12155 107.000
20.13186 101.000
20.14217 104.000
20.15248 90.000
20.16278 100.000
20.17309 96.000
20.18340 83.000
20.19371 113.000
20.20401 95.000
20.21432 87.000
20.22463 87.000
20.23494 79.000
20.24525 88.000
20.25555 99.000
20.26586 95.000
20.27617 105.000
20.28648 96.000
20.29679 98.000
20.30709 89.000
20.31740 97.000
20.32771 85.000
20.33802 110.000
20.34833 103.000
20.35863 93.000
20.36894 85.000
20.37925 94.000
20.38956 110.000
20.39986 107.000
20.41017 95.000
20.42048 92.000
20.43079 94.000
20.44110 109.000
20.45140 90.000
20.46171 94.000
20.47202 74.000
20.48233 74.000
20.49264 71.000
20.50294 93.000
20.51325 88.000
20.52356 87.000
20.53387 88.000
20.54418 105.000
20.55448 111.000
20.56479 83.000
20.57510 105.000
20.58541 101.000
20.59571 96.000
20.60602 70.000
20.61633 80.000
20.62664 87.000
20.63695 99.000
20.64725 112.000
20.65756 103.000
20.66787 86.000
20.67818 107.000
20.68849 85.000
20.69879 89.000
20.70910 91.000
20.71941 82.000
20.72972 93.000
20.74003 93.000
20.75033 82.000
20.76064 91.000
20.77095 97.000
20.78126 95.000
20.79157 107.000
20.80187 70.000
20.81218 97.000
20.82249 86.000
20.83280 97.000
20.84310 115.000
20.85341 102.000
20.86372 82.000
20.87403 88.000
20.88434 122.000
20.89464 87.000
20.90495 103.000
20.91526 90.000
20.92557 90.000
20.93588 87.000
20.94618 105.000
20.95649 79.000
20.96680 80.000
20.97711 68.000
20.98742 101.000
20.99772 63.000
21.00803 101.000
21.01834 113.000
21.02865 87.000
21.03895 96.000
21.04926 91.000
21.05957 87.000
21.06988 90.000
21.08019 82.000
21.09049 101.000
21.10080 107.000
21.11111 77.000
21.12142 90.000
21.13173 77.000
21.14203 96.000
21.15234 101.000
21.16265 96.000
21.17296 81.000
21.18327 101.000
21.19357 84.000
21.20388 100.000
21.21419 83.000
21.22450 69.000
21.23480 97.000
21.24511 95.000
21.25542 92.000
21.26573 97.000
21.27604 97.000
21.28634 88.000
21.29665 81.000
21.30696 81.000
21.31727 73.000
21.32758 83.000
21.33788 82.000
21.34819 85.000
21.35850 90.000
21.36881 94.000
21.37912 80.000
21.38942 85.000
21.39973 67.000
21.41004 105.000
21.42035 92.000
21.43066 108.000
21.44096 74.000
21.45127 98.000
21.46158 89.000
21.47189 105.000
21.48219 110.000
21.49250 87.000
21.50281 108.000
21.51312 93.000
21.52343 88.000
21.53373 76.000
21.54404 93.000
21.55435 74.000
21.56466 84.000
21.57497 69.000
21.58527 103.000
21.59558 70.000
21.60589 106.000
21.61620 83.000
21.62651 81.000
21.63681 90.000
21.64712 99.000
21.65743 79.000
21.66774 86.000
21.67804 86.000
21.68835 84.000
21.69866 83.000
21.70897 99.000
21.71928 84.000
21.72958 91.000
21.73989 94.000
21.75020 97.000
21.76051 91.000
21.77082 72.000
21.78112 85.000
21.79143 65.000
21.80174 99.000
21.81205 64.000
21.82236 81.000
21.83266 95.000
21.84297 82.000
21.85328 85.000
21.86359 71.000
21.87389 98.000
21.88420 82.000
21.89451 76.000
21.90482 85.000
21.91513 73.000
21.92543 76.000
21.93574 80.000
21.94605 64.000
21.95636 69.000
21.96667 80.000
21.97697 93.000
21.98728 78.000
21.99759 65.000
22.00790 87.000
22.01821 91.000
22.02851 85.000
22.03882 92.000
22.04913 72.000
22.05944 69.000
22.06974 87.000
22.08005 71.000
22.09036 80.000
22.10067 68.000
22.11098 87.000
22.12128 77.000
22.13159 68.000
22.14190 66.000
22.15221 96.000
22.16252 65.000
22.17282 69.000
22.18313 79.000
22.19344 94.000
22.20375 84.000
22.21406 78.000
22.22436 72.000
22.23467 76.000
22.24498 65.000
22.25529 79.000
22.26560 91.000
22.27590 83.000
22.28621 82.000
22.29652 88.000
22.30683 76.000
22.31713 77.000
22.32744 85.000
22.33775 98.000
22.34806 70.000
22.35837 60.000
22.36867 83.000
22.37898 78.000
22.38929 100.000
22.39960 86.000
22.40991 79.000
22.42021 65.000
22.43052 72.000
22.44083 82.000
22.45114 82.000
22.46145 84.000
22.47175 86.000
22.48206 60.000
22.49237 89.000
22.50268 75.000
22.51298 76.000
22.52329 68.000
22.53360 66.000
22.54391 65.000
22.55422 54.000
22.56452 82.000
22.57483 66.000
22.58514 103.000
22.59545 85.000
22.60576 85.000
22.61606 73.000
22.62637 82.000
22.63668 64.000
22.64699 83.000
22.65730 81.000
22.66760 94.000
22.67791 77.000
22.68822 74.000
22.69853 76.000
22.70883 77.000
22.71914 74.000
22.72945 86.000
22.73976 83.000
22.75007 84.000
22.76037 80.000
22.77068 79.000
22.78099 73.000
22.79130 59.000
22.80161 78.000
22.81191 79.000
22.82222 76.000
22.83253 68.000
22.84284 59.000
22.85315 72.000
22.86345 80.000
22.87376 75.000
22.88407 86.000
22.89438 80.000
22.90468 57.000
22.91499 85.000
22.92530 72.000
22.93561 69.000
22.94592 65.000
22.95622 81.000
22.96653 75.000
22.97684 79.000
22.98715 79.000
22.99746 71.000
23.00776 82.000
23.01807 70.000
23.02838 80.000
23.03869 78.000
23.04900 63.000
23.05930 58.000
23.06961 75.000
23.07992 75.000
23.09023 70.000
23.10054 69.000
23.11084 70.000
23.12115 70.000
23.13146 77.000
23.14177 72.000
23.15207 68.000
23.16238 67.000
23.17269 59.000
23.18300 83.000
23.19331 72.000
23.20361 75.000
23.21392 78.000
23.22423 71.000
23.23454 72.000
23.24485 86.000
23.25515 80.000
23.26546 66.000
23.27577 78.000
23.28608 81.000
23.29639 73.000
23.30669 78.000
23.31700 75.000
23.32731 88.000
23.33762 76.000
23.34792 73.000
23.35823 69.000
23.36854 70.000
23.37885 59.000
23.38916 80.000
23.39946 80.000
23.40977 66.000
23.42008 81.000
23.43039 76.000
23.44070 90.000
23.45100 70.000
23.46131 67.000
23.47162 64.000
23.48193 66.000
23.49224 72.000
23.50254 81.000
23.51285 70.000
23.52316 82.000
23.53347 76.000
23.54377 68.000
23.55408 70.000
23.56439 68.000
23.57470 80.000
23.58501 71.000
23.59531 81.000
23.60562 77.000
23.61593 63.000
23.62624 61.000
23.63655 74.000
23.64685 65.000
23.65716 43.000
23.66747 74.000
23.67778 89.000
23.68809 64.000
23.69839 72.000
23.70870 57.000
23.71901 60.000
23.72932 83.000
23.73962 71.000
23.74993 82.000
23.76024 73.000
23.77055 85.000
23.78086 55.000
23.79116 79.000
23.80147 78.000
23.81178 70.000
23.82209 58.000
23.83240 58.000
23.84270 68.000
23.85301 73.000
23.86332 61.000
23.87363 73.000
23.88394 68.000
23.89424 69.000
23.90455 79.000
23.91486 68.000
23.92517 59.000
23.93548 75.000
23.94578 62.000
23.95609 58.000
23.96640 64.000
23.97671 88.000
23.98701 68.000
23.99732 78.000
24.00763 68.000
24.01794 63.000
24.02825 58.000
24.03855 70.000
24.04886 71.000
24.05917 65.000
24.06948 56.000
24.07979 63.000
24.09009 55.000
24.10040 55.000
24.11071 75.000
24.12102 65.000
24.13133 79.000
24.14163 66.000
24.15194 65.000
24.16225 68.000
24.17256 89.000
24.18286 71.000
24.19317 76.000
24.20348 64.000
24.21379 66.000
24.22410 61.000
24.23440 41.000
24.24471 84.000
24.25502 61.000
24.26533 67.000
24.27564 75.000
24.28594 67.000
24.29625 61.000
24.30656 75.000
24.31687 53.000
24.32718 86.000
24.33748 65.000
24.34779 71.000
24.35810 67.000
24.36841 64.000
24.37871 64.000
24.38902 56.000
24.39933 64.000
24.40964 61.000
24.41995 74.000
24.43025 60.000
24.44056 59.000
24.45087 69.000
24.46118 56.000
24.47149 49.000
24.48179 72.000
24.49210 72.000
24.50241 60.000
24.51272 65.000
24.52303 57.000
24.53333 62.000
24.54364 73.000
24.55395 70.000
24.56426 88.000
24.57456 78.000
24.58487 77.000
24.59518 49.000
24.60549 63.000
24.61580 59.000
24.62610 78.000
24.63641 64.000
24.64672 52.000
24.65703 74.000
24.66734 56.000
24.67764 63.000
24.68795 58.000
24.69826 63.000
24.70857 75.000
24.71888 70.000
24.72918 70.000
24.73949 67.000
24.74980 64.000
24.76011 51.000
24.77042 51.000
24.78072 58.000
24.79103 72.000
24.80134 61.000
24.81165 54.000
24.82195 63.000
24.83226 65.000
24.84257 58.000
24.85288 66.000
24.86319 72.000
24.87349 74.000
24.88380 58.000
24.89411 55.000
24.90442 58.000
24.91473 58.000
24.92503 71.000
24.93534 50.000
24.94565 57.000
24.95596 75.000
24.96627 51.000
24.97657 75.000
24.98688 63.000
24.99719 55.000
25.00750 67.000
25.01780 70.000
25.02811 65.000
25.03842 72.000
25.04873 61.000
25.05904 72.000
25.06934 62.000
25.07965 64.000
25.08996 64.000
25.10027 53.000
25.11058 67.000
25.12088 64.000
25.13119 68.000
25.14150 59.000
25.15181 56.000
25.16212 62.000
25.17242 64.000
25.18273 69.000
25.19304 65.000
25.20335 75.000
25.21365 70.000
25.22396 63.000
25.23427 54.000
25.24458 52.000
25.25489 69.000
25.26519 55.000
25.27550 56.000
25.28581 55.000
25.29612 63.000
25.30643 53.000
25.31673 70.000
25.32704 58.000
25.33735 59.000
25.34766 55.000
25.35797 80.000
25.36827 58.000
25.37858 45.000
25.38889 57.000
25.39920 67.000
25.40950 62.000
25.41981 64.000
25.43012 79.000
25.44043 67.000
25.45074 60.000
25.46104 69.000
25.47135 59.000
25.48166 57.000
25.49197 69.000
25.50228 67.000
25.51258 54.000
25.52289 62.000
25.53320 53.000
25.54351 71.000
25.55382 48.000
25.56412 57.000
25.57443 58.000
25.58474 69.000
25.59505 56.000
25.60536 61.000
25.61566 56.000
25.62597 54.000
25.63628 67.000
25.64659 68.000
25.65689 78.000
25.66720 54.000
25.67751 61.000
25.68782 53.000
25.69813 60.000
25.70843 77.000
25.71874 74.000
25.72905 57.000
25.73936 52.000
25.74967 56.000
25.75997 46.000
25.77028 63.000
25.78059 68.000
25.79090 54.000
25.80121 57.000
25.81151 63.000
25.82182 44.000
25.83213 64.000
25.84244 54.000
25.85274 47.000
25.86305 55.000
25.87336 58.000
25.88367 66.000
25.89398 67.000
25.90428 58.000
25.91459 61.000
25.92490 73.000
25.93521 72.000
25.94552 61.000
25.95582 60.000
25.96613 58.000
25.97644 65.000
25.98675 53.000
25.99706 51.000
26.00736 50.000
26.01767 58.000
26.02798 53.000
26.03829 61.000
26.04859 64.000
26.05890 57.000
26.06921 58.000
26.07952 55.000
26.08983 59.000
26.10013 57.000
26.11044 65.000
26.12075 51.000
26.13106 58.000
26.14137 48.000
26.15167 49.000
26.16198 53.000
26.17229 61.000
26.18260 48.000
26.19291 51.000
26.20321 62.000
26.21352 45.000
26.22383 56.000
26.23414 57.000
26.24444 43.000
26.25475 48.000
26.26506 57.000
26.27537 45.000
26.28568 61.000
26.29598 53.000
26.30629 51.000
26.31660 58.000
26.32691 49.000
26.33722 59.000
26.34752 61.000
26.35783 67.000
26.36814 62.000
26.37845 59.000
26.38876 57.000
26.39906 68.000
26.40937 42.000
26.41968 52.000
26.42999 56.000
26.44030 66.000
26.45060 45.000
26.46091 52.000
26.47122 66.000
26.48153 54.000
26.49183 63.000
26.50214 45.000
26.51245 72.000
26.52276 43.000
26.53307 63.000
26.54337 60.000
26.55368 54.000
26.56399 64.000
26.57430 62.000
26.58461 58.000
26.59491 57.000
26.60522 62.000
26.61553 56.000
26.62584 55.000
26.63615 50.000
26.64645 49.000
26.65676 43.000
26.66707 65.000
26.67738 41.000
26.68768 53.000
26.69799 57.000
26.70830 51.000
26.71861 62.000
26.72892 49.000
26.73922 51.000
26.74953 60.000
26.75984 56.000
26.77015 59.000
26.78046 50.000
26.79076 59.000
26.80107 50.000
26.81138 46.000
26.82169 53.000
26.83200 51.000
26.84230 58.000
26.85261 56.000
26.86292 49.000
26.87323 57.000
26.88353 59.000
26.89384 64.000
26.90415 53.000
26.91446 63.000
26.92477 46.000
26.93507 55.000
26.94538 49.000
26.95569 58.000
26.96600 62.000
26.97631 59.000
26.98661 63.000
26.99692 54.000
27.00723 54.000
27.01754 53.000
27.02785 49.000
27.03815 46.000
27.04846 58.000
27.05877 42.000
27.06908 54.000
27.07938 71.000
27.08969 68.000
27.10000 56.000
27.11031 72.000
27.12062 57.000
27.13092 51.000
27.14123 63.000
27.15154 45.000
27.16185 49.000
27.17216 56.000
27.18246 52.000
27.19277 56.000
27.20308 54.000
27.21339 46.000
27.22370 52.000
27.23400 61.000
27.24431 69.000
27.25462 51.000
27.26493 55.000
27.27524 76.000
27.28554 53.000
27.29585 60.000
27.30616 47.000
27.31647 46.000
27.32677 44.000
27.33708 59.000
27.34739 46.000
27.35770 58.000
27.36801 43.000
27.37831 69.000
27.38862 48.000
27.39893 52.000
27.40924 41.000
27.41955 57.000
27.42985 51.000
27.44016 60.000
27.45047 49.000
27.46078 48.000
27.47109 54.000
27.48139 51.000
27.49170 57.000
27.50201 48.000
27.51232 53.000
27.52262 52.000
27.53293 54.000
27.54324 55.000
27.55355 51.000
27.56386 59.000
27.57416 58.000
27.58447 58.000
27.59478 58.000
27.60509 53.000
27.61540 43.000
27.62570 54.000
27.63601 70.000
27.64632 53.000
27.65663 65.000
27.66694 62.000
27.67724 54.000
27.68755 54.000
27.69786 59.000
27.70817 40.000
27.71847 55.000
27.72878 58.000
27.73909 56.000
27.74940 49.000
27.75971 58.000
27.77001 63.000
27.78032 60.000
27.79063 33.000
27.80094 43.000
27.81125 55.000
27.82155 53.000
27.83186 56.000
27.84217 64.000
27.85248 57.000
27.86279 55.000
27.87309 47.000
27.88340 49.000
27.89371 50.000
27.90402 52.000
27.91432 49.000
27.92463 51.000
27.93494 62.000
27.94525 57.000
27.95556 48.000
27.96586 55.000
27.97617 49.000
27.98648 53.000
27.99679 56.000
28.00710 61.000
28.01740 47.000
28.02771 59.000
28.03802 51.000
28.04833 68.000
28.05864 56.000
28.06894 65.000
28.07925 63.000
28.08956 52.000
28.09987 57.000
28.11018 57.000
28.12048 57.000
28.13079 61.000
28.14110 67.000
28.15141 70.000
28.16171 80.000
28.17202 68.000
28.18233 86.000
28.19264 75.000
28.20295 87.000
28.21325 88.000
28.22356 105.000
28.23387 82.000
28.24418 97.000
28.25449 79.000
28.26479 100.000
28.27510 114.000
28.28541 80.000
28.29572 90.000
28.30603 76.000
28.31633 77.000
28.32664 74.000
28.33695 82.000
28.34726 83.000
28.35756 64.000
28.36787 74.000
28.37818 71.000
28.38849 87.000
28.39880 65.000
28.40910 65.000
28.41941 80.000
28.42972 99.000
28.44003 87.000
28.45034 94.000
28.46064 94.000
28.47095 93.000
28.48126 93.000
28.49157 112.000
28.50188 117.000
28.51218 109.000
28.52249 81.000
28.53280 94.000
28.54311 109.000
28.55341 89.000
28.56372 81.000
28.57403 89.000
28.58434 73.000
28.59465 91.000
28.60495 73.000
28.61526 67.000
28.62557 77.000
28.63588 68.000
28.64619 65.000
28.65649 80.000
28.66680 55.000
28.67711 63.000
28.68742 84.000
28.69773 72.000
28.70803 58.000
28.71834 69.000
28.72865 63.000
28.73896 71.000
28.74926 76.000
28.75957 68.000
28.76988 49.000
28.78019 63.000
28.79050 41.000
28.80080 67.000
28.81111 60.000
28.82142 45.000
28.83173 47.000
28.84204 54.000
28.85234 52.000
28.86265 62.000
28.87296 62.000
28.88327 45.000
28.89358 51.000
28.90388 47.000
28.91419 51.000
28.92450 55.000
28.93481 49.000
28.94512 43.000
28.95542 53.000
28.96573 38.000
28.97604 51.000
28.98635 46.000
28.99665 53.000
29.00696 47.000
29.01727 40.000
29.02758 44.000
29.03789 58.000
29.04819 44.000
29.05850 33.000
29.06881 57.000
29.07912 51.000
29.08943 53.000
29.09973 46.000
29.11004 60.000
29.12035 58.000
29.13066 64.000
29.14097 57.000
29.15127 54.000
29.16158 62.000
29.17189 50.000
29.18220 43.000
29.19250 46.000
29.20281 55.000
29.21312 53.000
29.22343 68.000
29.23374 59.000
29.24404 60.000
29.25435 58.000
29.26466 46.000
29.27497 67.000
29.28528 66.000
29.29558 71.000
29.30589 72.000
29.31620 72.000
29.32651 84.000
29.33682 90.000
29.34712 98.000
29.35743 85.000
29.36774 98.000
29.37805 102.000
29.38835 107.000
29.39866 113.000
29.40897 125.000
29.41928 121.000
29.42959 123.000
29.43989 105.000
29.45020 127.000
29.46051 112.000
29.47082 111.000
29.48113 118.000
29.49143 114.000
29.50174 113.000
29.51205 100.000
29.52236 113.000
29.53267 113.000
29.54297 85.000
29.55328 84.000
29.56359 83.000
29.57390 88.000
29.58420 69.000
29.59451 73.000
29.60482 74.000
29.61513 69.000
29.62544 62.000
29.63574 53.000
29.64605 64.000
29.65636 43.000
29.66667 57.000
29.67698 58.000
29.68728 55.000
29.69759 57.000
29.70790 50.000
29.71821 57.000
29.72852 60.000
29.73882 63.000
29.74913 48.000
29.75944 53.000
29.76975 53.000
29.78006 49.000
29.79036 62.000
29.80067 72.000
29.81098 56.000
29.82129 41.000
29.83159 54.000
29.84190 50.000
29.85221 59.000
29.86252 63.000
29.87283 52.000
29.88313 53.000
29.89344 59.000
29.90375 67.000
29.91406 67.000
29.92437 68.000
29.93467 64.000
29.94498 61.000
29.95529 49.000
29.96560 54.000
29.97591 59.000
29.98621 57.000
29.99652 61.000
30.00683 47.000
30.01714 55.000
30.02744 58.000
30.03775 48.000
30.04806 62.000
30.05837 55.000
30.06868 56.000
30.07898 39.000
30.08929 40.000
30.09960 50.000
30.10991 44.000
30.12022 54.000
30.13052 54.000
30.14083 47.000
30.15114 43.000
30.16145 56.000
30.17176 53.000
30.18206 49.000
30.19237 48.000
30.20268 45.000
30.21299 44.000
30.22329 45.000
30.23360 38.000
30.24391 45.000
30.25422 52.000
30.26453 45.000
30.27483 55.000
30.28514 55.000
30.29545 52.000
30.30576 50.000
30.31607 45.000
30.32637 41.000
30.33668 56.000
30.34699 43.000
30.35730 35.000
30.36761 45.000
30.37791 42.000
30.38822 37.000
30.39853 56.000
30.40884 43.000
30.41914 45.000
30.42945 57.000
30.43976 34.000
30.45007 51.000
30.46038 35.000
30.47068 47.000
30.48099 51.000
30.49130 44.000
30.50161 45.000
30.51192 40.000
30.52222 35.000
30.53253 53.000
30.54284 56.000
30.55315 44.000
30.56346 50.000
30.57376 47.000
30.58407 43.000
30.59438 67.000
30.60469 42.000
30.61500 45.000
30.62530 45.000
30.63561 30.000
30.64592 34.000
30.65623 43.000
30.66653 37.000
30.67684 53.000
30.68715 45.000
30.69746 56.000
30.70777 42.000
30.71807 42.000
30.72838 47.000
30.73869 56.000
30.74900 41.000
30.75931 38.000
30.76961 52.000
30.77992 42.000
30.79023 36.000
30.80054 38.000
30.81085 45.000
30.82115 53.000
30.83146 48.000
30.84177 53.000
30.85208 44.000
30.86238 37.000
30.87269 40.000
30.88300 40.000
30.89331 36.000
30.90362 44.000
30.91392 40.000
30.92423 45.000
30.93454 43.000
30.94485 43.000
30.95516 38.000
30.96546 42.000
30.97577 48.000
30.98608 48.000
30.99639 35.000
31.00670 34.000
31.01700 41.000
31.02731 50.000
31.03762 48.000
31.04793 48.000
31.05823 42.000
31.06854 34.000
31.07885 34.000
31.08916 44.000
31.09947 35.000
31.10977 47.000
31.12008 44.000
31.13039 55.000
31.14070 53.000
31.15101 48.000
31.16131 51.000
31.17162 44.000
31.18193 39.000
31.19224 43.000
31.20255 50.000
31.21285 52.000
31.22316 35.000
31.23347 33.000
31.24378 43.000
31.25409 58.000
31.26439 44.000
31.27470 41.000
31.28501 54.000
31.29532 46.000
31.30562 48.000
31.31593 50.000
31.32624 64.000
31.33655 64.000
31.34686 49.000
31.35716 48.000
31.36747 52.000
31.37778 62.000
31.38809 63.000
31.39840 46.000
31.40870 54.000
31.41901 58.000
31.42932 61.000
31.43963 58.000
31.44994 55.000
31.46024 64.000
31.47055 73.000
31.48086 71.000
31.49117 56.000
31.50147 50.000
31.51178 54.000
31.52209 59.000
31.53240 56.000
31.54271 47.000
31.55301 52.000
31.56332 56.000
31.57363 47.000
31.58394 49.000
31.59425 42.000
31.60455 55.000
31.61486 50.000
31.62517 47.000
31.63548 44.000
31.64579 55.000
31.65609 28.000
31.66640 44.000
31.67671 48.000
31.68702 33.000
31.69732 36.000
31.70763 54.000
31.71794 45.000
31.72825 47.000
31.73856 41.000
31.74886 51.000
31.75917 45.000
31.76948 45.000
31.77979 53.000
31.79010 48.000
31.80040 44.000
31.81071 49.000
31.82102 41.000
31.83133 41.000
31.84164 38.000
31.85194 48.000
31.86225 37.000
31.87256 46.000
31.88287 46.000
31.89317 46.000
31.90348 34.000
31.91379 35.000
31.92410 40.000
31.93441 40.000
31.94471 52.000
31.95502 39.000
31.96533 65.000
31.97564 42.000
31.98595 49.000
31.99625 37.000
32.00656 42.000
32.01687 53.000
32.02718 44.000
32.03749 52.000
32.04779 38.000
32.05810 57.000
32.06841 44.000
32.07872 40.000
32.08903 35.000
32.09933 35.000
32.10964 56.000
32.11995 51.000
32.13026 38.000
32.14056 41.000
32.15087 45.000
32.16118 40.000
32.17149 63.000
32.18180 56.000
32.19210 49.000
32.20241 58.000
32.21272 37.000
32.22303 66.000
32.23334 67.000
32.24364 64.000
32.25395 71.000
32.26426 79.000
32.27457 62.000
32.28488 58.000
32.29518 82.000
32.30549 85.000
32.31580 101.000
32.32611 103.000
32.33641 111.000
32.34672 112.000
32.35703 121.000
32.36734 101.000
32.37765 112.000
32.38795 115.000
32.39826 104.000
32.40857 101.000
32.41888 117.000
32.42919 90.000
32.43949 88.000
32.44980 83.000
32.46011 76.000
32.47042 73.000
32.48073 65.000
32.49103 68.000
32.50134 59.000
32.51165 65.000
32.52196 63.000
32.53226 64.000
32.54257 47.000
32.55288 57.000
32.56319 48.000
32.57350 47.000
32.58380 61.000
32.59411 50.000
32.60442 47.000
32.61473 51.000
32.62504 47.000
32.63534 55.000
32.64565 57.000
32.65596 61.000
32.66627 51.000
32.67658 53.000
32.68688 55.000
32.69719 40.000
32.70750 55.000
32.71781 54.000
32.72811 52.000
32.73842 57.000
32.74873 58.000
32.75904 50.000
32.76935 46.000
32.77965 51.000
32.78996 40.000
32.80027 40.000
32.81058 41.000
32.82089 53.000
32.83119 35.000
32.84150 44.000
32.85181 45.000
32.86212 50.000
32.87243 45.000
32.88273 66.000
32.89304 33.000
32.90335 43.000
32.91366 47.000
32.92397 56.000
32.93427 43.000
32.94458 51.000
32.95489 60.000
32.96520 39.000
32.97550 49.000
32.98581 41.000
32.99612 44.000
33.00643 51.000
33.01674 43.000
33.02704 59.000
33.03735 56.000
33.04766 42.000
33.05797 54.000
33.06828 43.000
33.07858 42.000
33.08889 33.000
33.09920 40.000
33.10951 41.000
33.11982 43.000
33.13012 55.000
33.14043 45.000
33.15074 34.000
33.16105 37.000
33.17135 52.000
33.18166 41.000
33.19197 48.000
33.20228 44.000
33.21259 46.000
33.22289 37.000
33.23320 52.000
33.24351 44.000
33.25382 37.000
33.26413 56.000
33.27443 41.000
33.28474 55.000
33.29505 36.000
33.30536 49.000
33.31567 57.000
33.32597 52.000
33.33628 49.000
33.34659 54.000
33.35690 53.000
33.36720 71.000
33.37751 68.000
33.38782 66.000
33.39813 70.000
33.40844 60.000
33.41874 81.000
33.42905 60.000
33.43936 80.000
33.44967 79.000
33.45998 96.000
33.47028 84.000
33.48059 68.000
33.49090 88.000
33.50121 126.000
33.51152 115.000
33.52182 108.000
33.53213 95.000
33.54244 123.000
33.55275 114.000
33.56305 123.000
33.57336 151.000
33.58367 157.000
33.59398 170.000
33.60429 196.000
33.61459 254.000
33.62490 238.000
33.63521 281.000
33.64552 311.000
33.65583 325.000
33.66613 367.000
33.67644 338.000
33.68675 295.000
33.69706 275.000
33.70737 286.000
33.71767 244.000
33.72798 243.000
33.73829 272.000
33.74860 253.000
33.75891 236.000
33.76921 236.000
33.77952 205.000
33.78983 214.000
33.80014 198.000
33.81044 201.000
33.82075 176.000
33.83106 164.000
33.84137 216.000
33.85168 241.000
33.86198 226.000
33.87229 253.000
33.88260 245.000
33.89291 344.000
33.90322 371.000
33.91352 359.000
33.92383 372.000
33.93414 400.000
33.94445 419.000
33.95476 375.000
33.96506 424.000
33.97537 382.000
33.98568 367.000
33.99599 318.000
34.00629 338.000
34.01660 315.000
34.02691 280.000
34.03722 264.000
34.04753 266.000
34.05783 212.000
34.06814 201.000
34.07845 170.000
34.08876 187.000
34.09907 172.000
34.10937 137.000
34.11968 114.000
34.12999 116.000
34.14030 110.000
34.15061 96.000
34.16091 87.000
34.17122 80.000
34.18153 107.000
34.19184 82.000
34.20214 85.000
34.21245 96.000
34.22276 78.000
34.23307 87.000
34.24338 100.000
34.25368 97.000
34.26399 98.000
34.27430 92.000
34.28461 113.000
34.29492 109.000
34.30522 104.000
34.31553 102.000
34.32584 109.000
34.33615 92.000
34.34646 75.000
34.35676 86.000
34.36707 78.000
34.37738 79.000
34.38769 82.000
34.39799 80.000
34.40830 85.000
34.41861 85.000
34.42892 62.000
34.43923 57.000
34.44953 53.000
34.45984 46.000
34.47015 52.000
34.48046 62.000
34.49077 57.000
34.50107 42.000
34.51138 56.000
34.52169 56.000
34.53200 55.000
34.54231 49.000
34.55261 45.000
34.56292 67.000
34.57323 54.000
34.58354 43.000
34.59385 56.000
34.60415 60.000
34.61446 46.000
34.62477 50.000
34.63508 55.000
34.64538 52.000
34.65569 51.000
34.66600 49.000
34.67631 51.000
34.68662 47.000
34.69692 61.000
34.70723 53.000
34.71754 64.000
34.72785 63.000
34.73816 67.000
34.74846 80.000
34.75877 64.000
34.76908 67.000
34.77939 52.000
34.78970 60.000
34.80000 70.000
34.81031 80.000
34.82062 71.000
34.83093 83.000
34.84123 72.000
34.85154 90.000
34.86185 79.000
34.87216 102.000
34.88247 130.000
34.89277 146.000
34.90308 144.000
34.91339 147.000
34.92370 152.000
34.93401 163.000
34.94431 169.000
34.95462 170.000
34.96493 158.000
34.97524 169.000
34.98555 179.000
34.99585 170.000
35.00616 160.000
35.01647 150.000
35.02678 182.000
35.03708 142.000
35.04739 135.000
35.05770 141.000
35.06801 112.000
35.07832 98.000
35.08862 113.000
35.09893 74.000
35.10924 89.000
35.11955 89.000
35.12986 66.000
35.14016 69.000
35.15047 58.000
35.16078 59.000
35.17109 54.000
35.18140 46.000
35.19170 61.000
35.20201 59.000
35.21232 50.000
35.22263 50.000
35.23293 42.000
35.24324 45.000
35.25355 46.000
35.26386 47.000
35.27417 50.000
35.28447 39.000
35.29478 37.000
35.30509 49.000
35.31540 39.000
35.32571 52.000
35.33601 51.000
35.34632 45.000
35.35663 41.000
35.36694 33.000
35.37725 42.000
35.38755 58.000
35.39786 28.000
35.40817 38.000
35.41848 42.000
35.42879 42.000
35.43909 36.000
35.44940 40.000
35.45971 47.000
35.47002 31.000
35.48032 30.000
35.49063 42.000
35.50094 40.000
35.51125 48.000
35.52156 34.000
35.53186 41.000
35.54217 39.000
35.55248 39.000
35.56279 40.000
35.57310 34.000
35.58340 39.000
35.59371 40.000
35.60402 30.000
35.61433 40.000
35.62464 42.000
35.63494 31.000
35.64525 39.000
35.65556 47.000
35.66587 39.000
35.67617 32.000
35.68648 38.000
35.69679 40.000
35.70710 37.000
35.71741 27.000
35.72771 34.000
35.73802 30.000
35.74833 32.000
35.75864 37.000
35.76895 25.000
35.77925 32.000
35.78956 30.000
35.79987 46.000
35.81018 41.000
35.82049 32.000
35.83079 35.000
35.84110 40.000
35.85141 49.000
35.86172 39.000
35.87202 33.000
35.88233 40.000
35.89264 30.000
35.90295 29.000
35.91326 41.000
35.92356 31.000
35.93387 35.000
35.94418 39.000
35.95449 29.000
35.96480 28.000
35.97510 40.000
35.98541 30.000
35.99572 29.000
36.00603 35.000
36.01634 34.000
36.02664 30.000
36.03695 31.000
36.04726 36.000
36.05757 45.000
36.06787 38.000
36.07818 36.000
36.08849 34.000
36.09880 38.000
36.10911 38.000
36.11941 36.000
36.12972 30.000
36.14003 40.000
36.15034 38.000
36.16065 35.000
36.17095 32.000
36.18126 38.000
36.19157 33.000
36.20188 45.000
36.21219 36.000
36.22249 40.000
36.23280 43.000
36.24311 43.000
36.25342 43.000
36.26373 42.000
36.27403 35.000
36.28434 41.000
36.29465 49.000
36.30496 59.000
36.31526 46.000
36.32557 61.000
36.33588 44.000
36.34619 58.000
36.35650 51.000
36.36680 45.000
36.37711 48.000
36.38742 65.000
36.39773 62.000
36.40804 66.000
36.41834 57.000
36.42865 67.000
36.43896 52.000
36.44927 48.000
36.45958 52.000
36.46988 47.000
36.48019 52.000
36.49050 50.000
36.50081 34.000
36.51111 53.000
36.52142 41.000
36.53173 61.000
36.54204 59.000
36.55235 50.000
36.56265 44.000
36.57296 75.000
36.58327 62.000
36.59358 51.000
36.60389 56.000
36.61419 54.000
36.62450 69.000
36.63481 61.000
36.64512 82.000
36.65543 72.000
36.66573 83.000
36.67604 60.000
36.68635 57.000
36.69666 58.000
36.70696 61.000
36.71727 64.000
36.72758 62.000
36.73789 57.000
36.74820 83.000
36.75850 78.000
36.76881 69.000
36.77912 74.000
36.78943 51.000
36.79974 52.000
36.81004 59.000
36.82035 43.000
36.83066 33.000
36.84097 49.000
36.85128 49.000
36.86158 42.000
36.87189 53.000
36.88220 42.000
36.89251 52.000
36.90281 53.000
36.91312 53.000
36.92343 49.000
36.93374 47.000
36.94405 34.000
36.95435 37.000
36.96466 37.000
36.97497 40.000
36.98528 34.000
36.99559 48.000
37.00589 32.000
37.01620 39.000
37.02651 37.000
37.03682 30.000
37.04713 22.000
37.05743 40.000
37.06774 47.000
37.07805 37.000
37.08836 36.000
37.09867 33.000
37.10897 20.000
37.11928 33.000
37.12959 35.000
37.13990 27.000
37.15020 35.000
37.16051 39.000
37.17082 36.000
37.18113 35.000
37.19144 54.000
37.20174 38.000
37.21205 32.000
37.22236 35.000
37.23267 38.000
37.24298 38.000
37.25328 54.000
37.26359 50.000
37.27390 35.000
37.28421 37.000
37.29452 36.000
37.30482 38.000
37.31513 44.000
37.32544 46.000
37.33575 49.000
37.34605 52.000
37.35636 54.000
37.36667 54.000
37.37698 49.000
37.38729 48.000
37.39759 57.000
37.40790 81.000
37.41821 82.000
37.42852 66.000
37.43883 67.000
37.44913 92.000
37.45944 65.000
37.46975 75.000
37.48006 79.000
37.49037 107.000
37.50067 106.000
37.51098 97.000
37.52129 70.000
37.53160 78.000
37.54190 67.000
37.55221 76.000
37.56252 49.000
37.57283 59.000
37.58314 68.000
37.59344 69.000
37.60375 72.000
37.61406 56.000
37.62437 50.000
37.63468 58.000
37.64498 59.000
37.65529 51.000
37.66560 54.000
37.67591 34.000
37.68622 37.000
37.69652 39.000
37.70683 27.000
37.71714 35.000
37.72745 33.000
37.73775 33.000
37.74806 38.000
37.75837 29.000
37.76868 32.000
37.77899 35.000
37.78929 40.000
37.79960 31.000
37.80991 29.000
37.82022 38.000
37.83053 29.000
37.84083 25.000
37.85114 38.000
37.86145 29.000
37.87176 27.000
37.88207 28.000
37.89237 50.000
37.90268 34.000
37.91299 22.000
37.92330 35.000
37.93361 36.000
37.94391 33.000
37.95422 34.000
37.96453 27.000
37.97484 34.000
37.98514 39.000
37.99545 22.000
38.00576 26.000
38.01607 24.000
38.02638 34.000
38.03668 24.000
38.04699 35.000
38.05730 28.000
38.06761 27.000
38.07792 30.000
38.08822 27.000
38.09853 20.000
38.10884 33.000
38.11915 23.000
38.12946 34.000
38.13976 22.000
38.15007 37.000
38.16038 25.000
38.17069 30.000
38.18099 21.000
38.19130 42.000
38.20161 35.000
38.21192 34.000
38.22223 29.000
38.23253 31.000
38.24284 36.000
38.25315 30.000
38.26346 31.000
38.27377 28.000
38.28407 25.000
38.29438 29.000
38.30469 24.000
38.31500 31.000
38.32531 30.000
38.33561 29.000
38.34592 43.000
38.35623 23.000
38.36654 32.000
38.37684 36.000
38.38715 30.000
38.39746 33.000
38.40777 33.000
38.41808 25.000
38.42838 34.000
38.43869 32.000
38.44900 25.000
38.45931 29.000
38.46962 37.000
38.47992 27.000
38.49023 35.000
38.50054 29.000
38.51085 30.000
38.52116 32.000
38.53146 28.000
38.54177 40.000
38.55208 34.000
38.56239 28.000
38.57269 27.000
38.58300 28.000
38.59331 22.000
38.60362 33.000
38.61393 30.000
38.62423 30.000
38.63454 28.000
38.64485 33.000
38.65516 25.000
38.66547 28.000
38.67577 27.000
38.68608 22.000
38.69639 33.000
38.70670 26.000
38.71701 29.000
38.72731 27.000
38.73762 39.000
38.74793 31.000
38.75824 28.000
38.76855 23.000
38.77885 33.000
38.78916 35.000
38.79947 34.000
38.80978 25.000
38.82008 28.000
38.83039 30.000
38.84070 39.000
38.85101 33.000
38.86132 28.000
38.87162 32.000
38.88193 36.000
38.89224 28.000
38.90255 24.000
38.91286 24.000
38.92316 24.000
38.93347 31.000
38.94378 29.000
38.95409 34.000
38.96440 20.000
38.97470 25.000
38.98501 35.000
38.99532 34.000
39.00563 27.000
39.01593 34.000
39.02624 34.000
39.03655 23.000
39.04686 23.000
39.05717 31.000
39.06747 40.000
39.07778 40.000
39.08809 38.000
39.09840 30.000
39.10871 32.000
39.11901 31.000
39.12932 24.000
39.13963 32.000
39.14994 29.000
39.16025 39.000
39.17055 33.000
39.18086 38.000
39.19117 31.000
39.20148 33.000
39.21178 38.000
39.22209 42.000
39.23240 33.000
39.24271 25.000
39.25302 28.000
39.26332 32.000
39.27363 21.000
39.28394 28.000
39.29425 30.000
39.30456 31.000
39.31486 37.000
39.32517 36.000
39.33548 34.000
39.34579 38.000
39.35610 20.000
39.36640 21.000
39.37671 36.000
39.38702 31.000
39.39733 33.000
39.40763 28.000
39.41794 31.000
39.42825 31.000
39.43856 25.000
39.44887 24.000
39.45917 29.000
39.46948 40.000
39.47979 25.000
39.49010 35.000
39.50041 35.000
39.51071 21.000
39.52102 31.000
39.53133 22.000
39.54164 25.000
39.55195 32.000
39.56225 24.000
39.57256 34.000
39.58287 28.000
39.59318 35.000
39.60349 23.000
39.61379 26.000
39.62410 40.000
39.63441 23.000
39.64472 26.000
39.65502 30.000
39.66533 29.000
39.67564 34.000
39.68595 31.000
39.69626 34.000
39.70656 36.000
39.71687 37.000
39.72718 38.000
39.73749 35.000
39.74780 38.000
39.75810 46.000
39.76841 40.000
39.77872 39.000
39.78903 31.000
39.79934 36.000
39.80964 39.000
39.81995 42.000
39.83026 41.000
39.84057 44.000
39.85087 46.000
39.86118 39.000
39.87149 39.000
39.88180 40.000
39.89211 46.000
39.90241 39.000
39.91272 46.000
39.92303 34.000
39.93334 31.000
39.94365 40.000
39.95395 31.000
39.96426 34.000
39.97457 22.000
39.98488 33.000
39.99519 48.000
40.00549 36.000
40.01580 28.000
40.02611 31.000
40.03642 35.000
40.04672 31.000
40.05703 23.000
40.06734 29.000
40.07765 37.000
40.08796 29.000
40.09826 19.000
40.10857 29.000
40.11888 26.000
40.12919 28.000
40.13950 26.000
40.14980 39.000
40.16011 47.000
40.17042 26.000
40.18073 44.000
40.19104 39.000
40.20134 41.000
40.21165 48.000
40.22196 37.000
40.23227 47.000
40.24258 35.000
40.25288 33.000
40.26319 45.000
40.27350 32.000
40.28381 44.000
40.29411 30.000
40.30442 47.000
40.31473 34.000
40.32504 39.000
40.33535 30.000
40.34565 31.000
40.35596 35.000
40.36627 27.000
40.37658 34.000
40.38689 27.000
40.39719 43.000
40.40750 28.000
40.41781 27.000
40.42812 26.000
40.43843 28.000
40.44873 18.000
40.45904 19.000
40.46935 24.000
40.47966 28.000
40.48996 24.000
40.50027 26.000
40.51058 27.000
40.52089 23.000
40.53120 14.000
40.54150 34.000
40.55181 18.000
40.56212 15.000
40.57243 27.000
40.58274 30.000
40.59304 22.000
40.60335 28.000
40.61366 35.000
40.62397 33.000
40.63428 18.000
40.64458 18.000
40.65489 29.000
40.66520 34.000
40.67551 21.000
40.68581 29.000
40.69612 33.000
40.70643 22.000
40.71674 27.000
40.72705 28.000
40.73735 27.000
40.74766 22.000
40.75797 20.000
40.76828 20.000
40.77859 27.000
40.78889 33.000
40.79920 29.000
40.80951 32.000
40.81982 18.000
40.83013 32.000
40.84043 27.000
40.85074 18.000
40.86105 23.000
40.87136 21.000
40.88166 25.000
40.89197 32.000
40.90228 39.000
40.91259 19.000
40.92290 19.000
40.93320 25.000
40.94351 22.000
40.95382 25.000
40.96413 37.000
40.97444 22.000
40.98474 23.000
40.99505 17.000
41.00536 28.000
41.01567 30.000
41.02598 25.000
41.03628 34.000
41.04659 27.000
41.05690 28.000
41.06721 30.000
41.07752 28.000
41.08782 28.000
41.09813 26.000
41.10844 32.000
41.11875 18.000
41.12905 24.000
41.13936 34.000
41.14967 20.000
41.15998 22.000
41.17029 22.000
41.18059 26.000
41.19090 19.000
41.20121 24.000
41.21152 27.000
41.22183 29.000
41.23213 26.000
41.24244 23.000
41.25275 29.000
41.26306 30.000
41.27337 34.000
41.28367 29.000
41.29398 27.000
41.30429 27.000
41.31460 33.000
41.32490 25.000
41.33521 34.000
41.34552 29.000
41.35583 27.000
41.36614 25.000
41.37644 28.000
41.38675 29.000
41.39706 30.000
41.40737 35.000
41.41768 28.000
41.42798 23.000
41.43829 35.000
41.44860 32.000
41.45891 28.000
41.46922 26.000
41.47952 25.000
41.48983 38.000
41.50014 36.000
41.51045 29.000
41.52075 26.000
41.53106 34.000
41.54137 34.000
41.55168 20.000
41.56199 26.000
41.57229 23.000
41.58260 19.000
41.59291 22.000
41.60322 31.000
41.61353 27.000
41.62383 25.000
41.63414 22.000
41.64445 32.000
41.65476 32.000
41.66507 27.000
41.67537 27.000
41.68568 30.000
41.69599 26.000
41.70630 33.000
41.71660 33.000
41.72691 29.000
41.73722 32.000
41.74753 17.000
41.75784 25.000
41.76814 23.000
41.77845 32.000
41.78876 20.000
41.79907 26.000
41.80938 31.000
41.81968 28.000
41.82999 25.000
41.84030 27.000
41.85061 17.000
41.86092 39.000
41.87122 37.000
41.88153 23.000
41.89184 26.000
41.90215 25.000
41.91246 23.000
41.92276 17.000
41.93307 27.000
41.94338 33.000
41.95369 17.000
41.96399 25.000
41.97430 28.000
41.98461 21.000
41.99492 14.000
42.00523 20.000
42.01553 14.000
42.02584 25.000
42.03615 34.000
42.04646 22.000
42.05677 33.000
42.06707 39.000
42.07738 15.000
42.08769 20.000
42.09800 28.000
42.10831 17.000
42.11861 41.000
42.12892 27.000
42.13923 20.000
42.14954 30.000
42.15984 33.000
42.17015 19.000
42.18046 30.000
42.19077 30.000
42.20108 22.000
42.21138 20.000
42.22169 22.000
42.23200 16.000
42.24231 26.000
42.25262 18.000
42.26292 22.000
42.27323 23.000
42.28354 34.000
42.29385 28.000
42.30416 30.000
42.31446 29.000
42.32477 30.000
42.33508 32.000
42.34539 29.000
42.35569 31.000
42.36600 26.000
42.37631 24.000
42.38662 30.000
42.39693 21.000
42.40723 26.000
42.41754 26.000
42.42785 17.000
42.43816 30.000
42.44847 17.000
42.45877 20.000
42.46908 23.000
42.47939 29.000
42.48970 20.000
42.50001 20.000
42.51031 21.000
42.52062 28.000
42.53093 19.000
42.54124 29.000
42.55154 21.000
42.56185 24.000
42.57216 29.000
42.58247 21.000
42.59278 30.000
42.60308 28.000
42.61339 20.000
42.62370 17.000
42.63401 25.000
42.64432 19.000
42.65462 21.000
42.66493 36.000
42.67524 30.000
42.68555 30.000
42.69586 28.000
42.70616 32.000
42.71647 24.000
42.72678 34.000
42.73709 25.000
42.74740 32.000
42.75770 43.000
42.76801 33.000
42.77832 41.000
42.78863 33.000
42.79893 21.000
42.80924 35.000
42.81955 32.000
42.82986 41.000
42.84017 38.000
42.85047 34.000
42.86078 40.000
42.87109 25.000
42.88140 37.000
42.89171 50.000
42.90201 39.000
42.91232 35.000
42.92263 17.000
42.93294 28.000
42.94325 21.000
42.95355 29.000
42.96386 25.000
42.97417 32.000
42.98448 28.000
42.99478 26.000
43.00509 37.000
43.01540 26.000
43.02571 25.000
43.03602 28.000
43.04632 26.000
43.05663 26.000
43.06694 27.000
43.07725 28.000
43.08756 26.000
43.09786 17.000
43.10817 31.000
43.11848 27.000
43.12879 35.000
43.13910 15.000
43.14940 28.000
43.15971 26.000
43.17002 18.000
43.18033 25.000
43.19063 25.000
43.20094 24.000
43.21125 19.000
43.22156 31.000
43.23187 25.000
43.24217 28.000
43.25248 36.000
43.26279 28.000
43.27310 21.000
43.28341 23.000
43.29371 21.000
43.30402 36.000
43.31433 33.000
43.32464 22.000
43.33495 36.000
43.34525 21.000
43.35556 28.000
43.36587 30.000
43.37618 21.000
43.38648 34.000
43.39679 27.000
43.40710 21.000
43.41741 26.000
43.42772 24.000
43.43802 28.000
43.44833 22.000
43.45864 20.000
43.46895 27.000
43.47926 33.000
43.48956 37.000
43.49987 27.000
43.51018 16.000
43.52049 37.000
43.53080 34.000
43.54110 40.000
43.55141 26.000
43.56172 38.000
43.57203 30.000
43.58234 17.000
43.59264 32.000
43.60295 25.000
43.61326 31.000
43.62357 22.000
43.63387 29.000
43.64418 29.000
43.65449 37.000
43.66480 20.000
43.67511 25.000
43.68541 27.000
43.69572 24.000
43.70603 28.000
43.71634 24.000
43.72665 29.000
43.73695 22.000
43.74726 29.000
43.75757 22.000
43.76788 31.000
43.77819 22.000
43.78849 24.000
43.79880 21.000
43.80911 26.000
43.81942 23.000
43.82972 25.000
43.84003 19.000
43.85034 25.000
43.86065 27.000
43.87096 21.000
43.88126 23.000
43.89157 23.000
43.90188 21.000
43.91219 22.000
43.92250 19.000
43.93280 16.000
43.94311 25.000
43.95342 22.000
43.96373 18.000
43.97404 23.000
43.98434 18.000
43.99465 17.000
44.00496 27.000
44.01527 22.000
44.02557 30.000
44.03588 13.000
44.04619 24.000
44.05650 21.000
44.06681 25.000
44.07711 27.000
44.08742 21.000
44.09773 33.000
44.10804 22.000
44.11835 21.000
44.12865 25.000
44.13896 14.000
44.14927 20.000
44.15958 14.000
44.16989 22.000
44.18019 22.000
44.19050 27.000
44.20081 17.000
44.21112 30.000
44.22142 28.000
44.23173 28.000
44.24204 18.000
44.25235 30.000
44.26266 20.000
44.27296 30.000
44.28327 24.000
44.29358 30.000
44.30389 23.000
44.31420 33.000
44.32450 15.000
44.33481 31.000
44.34512 31.000
44.35543 24.000
44.36574 19.000
44.37604 24.000
44.38635 27.000
44.39666 26.000
44.40697 21.000
44.41728 19.000
44.42758 24.000
44.43789 22.000
44.44820 26.000
44.45851 22.000
44.46881 16.000
44.47912 18.000
44.48943 26.000
44.49974 23.000
44.51005 15.000
44.52035 29.000
44.53066 26.000
44.54097 13.000
44.55128 26.000
44.56159 25.000
44.57189 19.000
44.58220 18.000
44.59251 19.000
44.60282 27.000
44.61313 30.000
44.62343 19.000
44.63374 27.000
44.64405 28.000
44.65436 37.000
44.66466 27.000
44.67497 26.000
44.68528 24.000
44.69559 24.000
44.70590 26.000
44.71620 25.000
44.72651 21.000
44.73682 28.000
44.74713 35.000
44.75744 17.000
44.76774 26.000
44.77805 24.000
44.78836 21.000
44.79867 18.000
44.80898 20.000
44.81928 20.000
44.82959 25.000
44.83990 24.000
44.85021 26.000
44.86051 29.000
44.87082 25.000
44.88113 28.000
44.89144 25.000
44.90175 19.000
44.91205 30.000
44.92236 20.000
44.93267 21.000
44.94298 24.000
44.95329 17.000
44.96359 22.000
44.97390 29.000
44.98421 19.000
44.99452 19.000
45.00483 18.000
45.01513 14.000
45.02544 27.000
45.03575 18.000
45.04606 30.000
45.05636 23.000
45.06667 21.000
45.07698 21.000
45.08729 24.000
45.09760 14.000
45.10790 21.000
45.11821 24.000
45.12852 27.000
45.13883 29.000
45.14914 32.000
45.15944 26.000
45.16975 22.000
45.18006 21.000
45.19037 24.000
45.20068 23.000
45.21098 22.000
45.22129 26.000
45.23160 23.000
45.24191 21.000
45.25222 29.000
45.26252 22.000
45.27283 23.000
45.28314 33.000
45.29345 19.000
45.30375 32.000
45.31406 20.000
45.32437 27.000
45.33468 25.000
45.34499 30.000
45.35529 19.000
45.36560 16.000
45.37591 17.000
45.38622 26.000
45.39653 30.000
45.40683 22.000
45.41714 21.000
45.42745 19.000
45.43776 27.000
45.44807 19.000
45.45837 28.000
45.46868 22.000
45.47899 20.000
45.48930 18.000
45.49960 25.000
45.50991 22.000
45.52022 31.000
45.53053 18.000
45.54084 26.000
45.55114 21.000
45.56145 19.000
45.57176 22.000
45.58207 33.000
45.59238 21.000
45.60268 24.000
45.61299 18.000
45.62330 23.000
45.63361 30.000
45.64392 26.000
45.65422 30.000
45.66453 15.000
45.67484 21.000
45.68515 16.000
45.69545 24.000
45.70576 16.000
45.71607 19.000
45.72638 19.000
45.73669 20.000
45.74699 22.000
45.75730 23.000
45.76761 25.000
45.77792 20.000
45.78823 22.000
45.79853 30.000
45.80884 23.000
45.81915 24.000
45.82946 15.000
45.83977 28.000
45.85007 25.000
45.86038 20.000
45.87069 21.000
45.88100 38.000
45.89130 30.000
45.90161 28.000
45.91192 19.000
45.92223 15.000
45.93254 23.000
45.94284 30.000
45.95315 29.000
45.96346 33.000
45.97377 25.000
45.98408 23.000
45.99438 33.000
46.00469 20.000
46.01500 25.000
46.02531 25.000
46.03562 22.000
46.04592 22.000
46.05623 23.000
46.06654 25.000
46.07685 25.000
46.08716 19.000
46.09746 16.000
46.10777 27.000
46.11808 27.000
46.12839 17.000
46.13869 18.000
46.14900 14.000
46.15931 23.000
46.16962 19.000
46.17993 26.000
46.19023 15.000
46.20054 25.000
46.21085 15.000
46.22116 29.000
46.23147 27.000
46.24177 21.000
46.25208 28.000
46.26239 30.000
46.27270 26.000
46.28301 31.000
46.29331 20.000
46.30362 30.000
46.31393 21.000
46.32424 25.000
46.33454 24.000
46.34485 27.000
46.35516 19.000
46.36547 19.000
46.37578 31.000
46.38608 31.000
46.39639 23.000
46.40670 26.000
46.41701 16.000
46.42732 18.000
46.43762 21.000
46.44793 22.000
46.45824 24.000
46.46855 31.000
46.47886 23.000
46.48916 26.000
46.49947 27.000
46.50978 25.000
46.52009 33.000
46.53039 26.000
46.54070 23.000
46.55101 17.000
46.56132 31.000
46.57163 18.000
46.58193 31.000
46.59224 22.000
46.60255 18.000
46.61286 19.000
46.62317 13.000
46.63347 17.000
46.64378 27.000
46.65409 21.000
46.66440 20.000
46.67471 19.000
46.68501 26.000
46.69532 21.000
46.70563 34.000
46.71594 34.000
46.72624 24.000
46.73655 23.000
46.74686 18.000
46.75717 37.000
46.76748 25.000
46.77778 31.000
46.78809 27.000
46.79840 23.000
46.80871 22.000
46.81902 24.000
46.82932 26.000
46.83963 19.000
46.84994 31.000
46.86025 26.000
46.87056 25.000
46.88086 24.000
46.89117 25.000
46.90148 28.000
46.91179 22.000
46.92210 30.000
46.93240 23.000
46.94271 26.000
46.95302 31.000
46.96333 28.000
46.97363 24.000
46.98394 30.000
46.99425 27.000
47.00456 28.000
47.01487 30.000
47.02517 19.000
47.03548 29.000
47.04579 26.000
47.05610 15.000
47.06641 32.000
47.07671 33.000
47.08702 26.000
47.09733 24.000
47.10764 21.000
47.11795 27.000
47.12825 23.000
47.13856 26.000
47.14887 28.000
47.15918 32.000
47.16948 24.000
47.17979 28.000
47.19010 28.000
47.20041 32.000
47.21072 23.000
47.22102 24.000
47.23133 27.000
47.24164 32.000
47.25195 32.000
47.26226 28.000
47.27256 39.000
47.28287 16.000
47.29318 29.000
47.30349 21.000
47.31380 31.000
47.32410 33.000
47.33441 32.000
47.34472 28.000
47.35503 34.000
47.36533 23.000
47.37564 23.000
47.38595 41.000
47.39626 30.000
47.40657 33.000
47.41687 32.000
47.42718 26.000
47.43749 37.000
47.44780 40.000
47.45811 48.000
47.46841 47.000
47.47872 42.000
47.48903 42.000
47.49934 59.000
47.50965 36.000
47.51995 47.000
47.53026 48.000
47.54057 52.000
47.55088 50.000
47.56118 52.000
47.57149 42.000
47.58180 42.000
47.59211 45.000
47.60242 50.000
47.61272 50.000
47.62303 50.000
47.63334 34.000
47.64365 39.000
47.65396 43.000
47.66426 49.000
47.67457 35.000
47.68488 42.000
47.69519 44.000
47.70550 32.000
47.71580 40.000
47.72611 23.000
47.73642 41.000
47.74673 25.000
47.75704 31.000
47.76734 33.000
47.77765 34.000
47.78796 34.000
47.79827 23.000
47.80857 30.000
47.81888 27.000
47.82919 30.000
47.83950 42.000
47.84981 33.000
47.86011 30.000
47.87042 30.000
47.88073 23.000
47.89104 28.000
47.90135 19.000
47.91165 25.000
47.92196 30.000
47.93227 28.000
47.94258 28.000
47.95289 31.000
47.96319 23.000
47.97350 26.000
47.98381 34.000
47.99412 40.000
48.00442 14.000
48.01473 26.000
48.02504 24.000
48.03535 16.000
48.04566 33.000
48.05596 32.000
48.06627 31.000
48.07658 31.000
48.08689 26.000
48.09720 30.000
48.10750 28.000
48.11781 35.000
48.12812 27.000
48.13843 43.000
48.14874 26.000
48.15904 43.000
48.16935 45.000
48.17966 45.000
48.18997 48.000
48.20027 47.000
48.21058 46.000
48.22089 44.000
48.23120 48.000
48.24151 45.000
48.25181 45.000
48.26212 50.000
48.27243 48.000
48.28274 41.000
48.29305 40.000
48.30335 45.000
48.31366 52.000
48.32397 42.000
48.33428 42.000
48.34459 35.000
48.35489 49.000
48.36520 34.000
48.37551 42.000
48.38582 33.000
48.39612 47.000
48.40643 30.000
48.41674 27.000
48.42705 31.000
48.43736 31.000
48.44766 26.000
48.45797 37.000
48.46828 34.000
48.47859 27.000
48.48890 37.000
48.49920 29.000
48.50951 31.000
48.51982 28.000
48.53013 31.000
48.54044 28.000
48.55074 36.000
48.56105 36.000
48.57136 30.000
48.58167 38.000
48.59198 23.000
48.60228 32.000
48.61259 24.000
48.62290 36.000
48.63321 25.000
48.64351 34.000
48.65382 29.000
48.66413 23.000
48.67444 22.000
48.68475 19.000
48.69505 30.000
48.70536 27.000
48.71567 24.000
48.72598 25.000
48.73629 31.000
48.74659 26.000
48.75690 19.000
48.76721 25.000
48.77752 29.000
48.78783 26.000
48.79813 33.000
48.80844 27.000
48.81875 20.000
48.82906 26.000
48.83936 23.000
48.84967 21.000
48.85998 22.000
48.87029 36.000
48.88060 24.000
48.89090 19.000
48.90121 36.000
48.91152 21.000
48.92183 13.000
48.93214 31.000
48.94244 28.000
48.95275 20.000
48.96306 14.000
48.97337 23.000
48.98368 18.000
48.99398 16.000
49.00429 31.000
49.01460 19.000
49.02491 27.000
49.03521 24.000
49.04552 27.000
49.05583 16.000
49.06614 11.000
49.07645 36.000
49.08675 22.000
49.09706 30.000
49.10737 22.000
49.11768 21.000
49.12799 22.000
49.13829 17.000
49.14860 22.000
49.15891 22.000
49.16922 22.000
49.17953 24.000
49.18983 18.000
49.20014 34.000
49.21045 24.000
49.22076 27.000
49.23107 13.000
49.24137 25.000
49.25168 23.000
49.26199 23.000
49.27230 31.000
49.28260 25.000
49.29291 21.000
49.30322 15.000
49.31353 32.000
49.32384 27.000
49.33414 26.000
49.34445 20.000
49.35476 26.000
49.36507 26.000
49.37538 21.000
49.38568 24.000
49.39599 29.000
49.40630 29.000
49.41661 27.000
49.42692 38.000
49.43722 22.000
49.44753 23.000
49.45784 22.000
49.46815 20.000
49.47845 27.000
49.48876 22.000
49.49907 25.000
49.50938 22.000
49.51969 23.000
49.52999 27.000
49.54030 27.000
49.55061 26.000
49.56092 32.000
49.57123 29.000
49.58153 27.000
49.59184 30.000
49.60215 28.000
49.61246 23.000
49.62277 23.000
49.63307 25.000
49.64338 27.000
49.65369 16.000
49.66400 31.000
49.67430 24.000
49.68461 26.000
49.69492 32.000
49.70523 30.000
49.71554 25.000
49.72584 26.000
49.73615 24.000
49.74646 28.000
49.75677 34.000
49.76708 19.000
49.77738 31.000
49.78769 23.000
49.79800 29.000
49.80831 21.000
49.81862 25.000
49.82892 34.000
49.83923 29.000
49.84954 27.000
49.85985 27.000
49.87015 21.000
49.88046 24.000
49.89077 28.000
49.90108 21.000
49.91139 22.000
49.92169 27.000
49.93200 30.000
49.94231 28.000
49.95262 16.000
49.96293 27.000
49.97323 19.000
49.98354 32.000
49.99385 16.000
50.00416 20.000
50.01447 31.000
50.02477 26.000
50.03508 23.000
50.04539 23.000
50.05570 22.000
50.06601 25.000
50.07631 20.000
50.08662 25.000
50.09693 29.000
50.10724 23.000
50.11754 27.000
50.12785 28.000
50.13816 30.000
50.14847 23.000
50.15878 29.000
50.16908 23.000
50.17939 36.000
50.18970 36.000
50.20001 37.000
50.21032 42.000
50.22062 30.000
50.23093 38.000
50.24124 34.000
50.25155 33.000
50.26186 37.000
50.27216 26.000
50.28247 39.000
50.29278 30.000
50.30309 23.000
50.31339 20.000
50.32370 34.000
50.33401 33.000
50.34432 28.000
50.35463 34.000
50.36493 36.000
50.37524 27.000
50.38555 23.000
50.39586 32.000
50.40617 29.000
50.41647 31.000
50.42678 23.000
50.43709 26.000
50.44740 29.000
50.45771 22.000
50.46801 32.000
50.47832 19.000
50.48863 27.000
50.49894 25.000
50.50924 21.000
50.51955 25.000
50.52986 19.000
50.54017 31.000
50.55048 21.000
50.56078 22.000
50.57109 31.000
50.58140 31.000
50.59171 29.000
50.60202 23.000
50.61232 29.000
50.62263 19.000
50.63294 33.000
50.64325 29.000
50.65356 28.000
50.66386 28.000
50.67417 27.000
50.68448 22.000
50.69479 23.000
50.70509 24.000
50.71540 28.000
50.72571 22.000
50.73602 25.000
50.74633 27.000
50.75663 23.000
50.76694 22.000
50.77725 39.000
50.78756 21.000
50.79787 29.000
50.80817 28.000
50.81848 23.000
50.82879 26.000
50.83910 27.000
50.84941 19.000
50.85971 26.000
50.87002 29.000
50.88033 24.000
50.89064 22.000
50.90095 23.000
50.91125 25.000
50.92156 30.000
50.93187 23.000
50.94218 20.000
50.95248 34.000
50.96279 18.000
50.97310 20.000
50.98341 21.000
50.99372 23.000
51.00402 22.000
51.01433 16.000
51.02464 27.000
51.03495 30.000
51.04526 25.000
51.05556 34.000
51.06587 32.000
51.07618 30.000
51.08649 33.000
51.09680 32.000
51.10710 40.000
51.11741 35.000
51.12772 46.000
51.13803 37.000
51.14833 40.000
51.15864 33.000
51.16895 37.000
51.17926 42.000
51.18957 28.000
51.19987 35.000
51.21018 34.000
51.22049 27.000
51.23080 28.000
51.24111 39.000
51.25141 30.000
51.26172 40.000
51.27203 28.000
51.28234 32.000
51.29265 36.000
51.30295 33.000
51.31326 26.000
51.32357 33.000
51.33388 30.000
51.34418 33.000
51.35449 33.000
51.36480 29.000
51.37511 34.000
51.38542 26.000
51.39572 30.000
51.40603 30.000
51.41634 31.000
51.42665 28.000
51.43696 28.000
51.44726 26.000
51.45757 29.000
51.46788 26.000
51.47819 33.000
51.48850 35.000
51.49880 35.000
51.50911 34.000
51.51942 31.000
51.52973 31.000
51.54003 29.000
51.55034 30.000
51.56065 30.000
51.57096 33.000
51.58127 30.000
51.59157 30.000
51.60188 33.000
51.61219 34.000
51.62250 30.000
51.63281 32.000
51.64311 37.000
51.65342 29.000
51.66373 28.000
51.67404 26.000
51.68435 30.000
51.69465 23.000
51.70496 35.000
51.71527 24.000
51.72558 23.000
51.73589 34.000
51.74619 27.000
51.75650 24.000
51.76681 25.000
51.77712 32.000
51.78742 26.000
51.79773 30.000
51.80804 25.000
51.81835 21.000
51.82866 29.000
51.83896 28.000
51.84927 32.000
51.85958 20.000
51.86989 23.000
51.88020 20.000
51.89050 23.000
51.90081 19.000
51.91112 29.000
51.92143 34.000
51.93174 27.000
51.94204 26.000
51.95235 39.000
51.96266 31.000
51.97297 27.000
51.98327 27.000
51.99358 29.000
52.00389 28.000
52.01420 32.000
52.02451 29.000
52.03481 33.000
52.04512 30.000
52.05543 28.000
52.06574 25.000
52.07605 35.000
52.08635 34.000
52.09666 32.000
52.10697 38.000
52.11728 33.000
52.12759 28.000
52.13789 33.000
52.14820 38.000
52.15851 22.000
52.16882 41.000
52.17912 38.000
52.18943 40.000
52.19974 29.000
52.21005 27.000
52.22036 34.000
52.23066 42.000
52.24097 27.000
52.25128 34.000
52.26159 27.000
52.27190 47.000
52.28220 38.000
52.29251 27.000
52.30282 35.000
52.31313 37.000
52.32344 41.000
52.33374 33.000
52.34405 22.000
52.35436 22.000
52.36467 28.000
52.37497 26.000
52.38528 31.000
52.39559 26.000
52.40590 37.000
52.41621 33.000
52.42651 24.000
52.43682 37.000
52.44713 30.000
52.45744 29.000
52.46775 27.000
52.47805 21.000
52.48836 34.000
52.49867 24.000
52.50898 26.000
52.51929 24.000
52.52959 29.000
52.53990 26.000
52.55021 24.000
52.56052 17.000
52.57083 26.000
52.58113 22.000
52.59144 16.000
52.60175 29.000
52.61206 24.000
52.62236 28.000
52.63267 29.000
52.64298 17.000
52.65329 23.000
52.66360 21.000
52.67390 25.000
52.68421 39.000
52.69452 24.000
52.70483 26.000
52.71514 25.000
52.72544 28.000
52.73575 14.000
52.74606 34.000
52.75637 29.000
52.76668 25.000
52.77698 28.000
52.78729 33.000
52.79760 25.000
52.80791 27.000
52.81821 26.000
52.82852 17.000
52.83883 24.000
52.84914 22.000
52.85945 22.000
52.86975 26.000
52.88006 25.000
52.89037 26.000
52.90068 24.000
52.91099 30.000
52.92129 23.000
52.93160 26.000
52.94191 24.000
52.95222 21.000
52.96253 24.000
52.97283 33.000
52.98314 23.000
52.99345 28.000
53.00376 22.000
53.01406 22.000
53.02437 24.000
53.03468 19.000
53.04499 29.000
53.05530 26.000
53.06560 20.000
53.07591 29.000
53.08622 24.000
53.09653 26.000
53.10684 33.000
53.11714 24.000
53.12745 23.000
53.13776 29.000
53.14807 32.000
53.15838 29.000
53.16868 31.000
53.17899 29.000
53.18930 25.000
53.19961 22.000
53.20991 32.000
53.22022 18.000
53.23053 20.000
53.24084 41.000
53.25115 31.000
53.26145 28.000
53.27176 34.000
53.28207 31.000
53.29238 31.000
53.30269 34.000
53.31299 45.000
53.32330 33.000
53.33361 37.000
53.34392 39.000
53.35423 34.000
53.36453 39.000
53.37484 24.000
53.38515 32.000
53.39546 38.000
53.40577 43.000
53.41607 28.000
53.42638 32.000
53.43669 38.000
53.44700 26.000
53.45730 35.000
53.46761 24.000
53.47792 34.000
53.48823 29.000
53.49854 27.000
53.50884 22.000
53.51915 27.000
53.52946 26.000
53.53977 22.000
53.55008 26.000
53.56038 25.000
53.57069 36.000
53.58100 27.000
53.59131 24.000
53.60162 27.000
53.61192 22.000
53.62223 28.000
53.63254 30.000
53.64285 23.000
53.65315 22.000
53.66346 25.000
53.67377 26.000
53.68408 20.000
53.69439 27.000
53.70469 26.000
53.71500 24.000
53.72531 23.000
53.73562 22.000
53.74593 22.000
53.75623 25.000
53.76654 23.000
53.77685 15.000
53.78716 23.000
53.79747 31.000
53.80777 29.000
53.81808 36.000
53.82839 26.000
53.83870 22.000
53.84900 15.000
53.85931 29.000
53.86962 28.000
53.87993 25.000
53.89024 23.000
53.90054 18.000
53.91085 25.000
53.92116 20.000
53.93147 21.000
53.94178 29.000
53.95208 25.000
53.96239 21.000
53.97270 34.000
53.98301 22.000
53.99332 24.000
54.00362 21.000
54.01393 23.000
54.02424 27.000
54.03455 21.000
54.04485 12.000
54.05516 15.000
54.06547 23.000
54.07578 20.000
54.08609 24.000
54.09639 21.000
54.10670 21.000
54.11701 28.000
54.12732 29.000
54.13763 29.000
54.14793 26.000
54.15824 21.000
54.16855 27.000
54.17886 20.000
54.18917 23.000
54.19947 26.000
54.20978 25.000
54.22009 20.000
54.23040 25.000
54.24071 18.000
54.25101 23.000
54.26132 26.000
54.27163 28.000
54.28194 22.000
54.29224 23.000
54.30255 22.000
54.31286 12.000
54.32317 25.000
54.33348 16.000
54.34378 18.000
54.35409 24.000
54.36440 21.000
54.37471 24.000
54.38502 22.000
54.39532 30.000
54.40563 27.000
54.41594 19.000
54.42625 27.000
54.43656 28.000
54.44686 30.000
54.45717 21.000
54.46748 20.000
54.47779 24.000
54.48809 28.000
54.49840 29.000
54.50871 31.000
54.51902 28.000
54.52933 24.000
54.53963 27.000
54.54994 31.000
54.56025 20.000
54.57056 23.000
54.58087 28.000
54.59117 27.000
54.60148 22.000
54.61179 22.000
54.62210 26.000
54.63241 33.000
54.64271 26.000
54.65302 31.000
54.66333 33.000
54.67364 29.000
54.68394 26.000
54.69425 21.000
54.70456 17.000
54.71487 27.000
54.72518 17.000
54.73548 24.000
54.74579 31.000
54.75610 20.000
54.76641 24.000
54.77672 20.000
54.78702 30.000
54.79733 19.000
54.80764 25.000
54.81795 22.000
54.82826 25.000
54.83856 30.000
54.84887 23.000
54.85918 29.000
54.86949 21.000
54.87979 29.000
54.89010 28.000
54.90041 19.000
54.91072 33.000
54.92103 21.000
54.93133 27.000
54.94164 36.000
54.95195 37.000
54.96226 24.000
54.97257 30.000
54.98287 27.000
54.99318 29.000
55.00349 33.000
55.01380 33.000
55.02411 30.000
55.03441 29.000
55.04472 30.000
55.05503 34.000
55.06534 27.000
55.07565 31.000
55.08595 36.000
55.09626 34.000
55.10657 40.000
55.11688 42.000
55.12718 43.000
55.13749 25.000
55.14780 43.000
55.15811 27.000
55.16842 52.000
55.17872 46.000
55.18903 33.000
55.19934 40.000
55.20965 46.000
55.21996 33.000
55.23026 41.000
55.24057 37.000
55.25088 50.000
55.26119 35.000
55.27150 31.000
55.28180 38.000
55.29211 47.000
55.30242 46.000
55.31273 45.000
55.32303 40.000
55.33334 46.000
55.34365 34.000
55.35396 42.000
55.36427 35.000
55.37457 40.000
55.38488 41.000
55.39519 33.000
55.40550 35.000
55.41581 26.000
55.42611 39.000
55.43642 39.000
55.44673 34.000
55.45704 30.000
55.46735 39.000
55.47765 40.000
55.48796 44.000
55.49827 42.000
55.50858 41.000
55.51888 44.000
55.52919 42.000
55.53950 48.000
55.54981 45.000
55.56012 57.000
55.57042 50.000
55.58073 56.000
55.59104 62.000
55.60135 51.000
55.61166 65.000
55.62196 75.000
55.63227 89.000
55.64258 95.000
55.65289 88.000
55.66320 91.000
55.67350 104.000
55.68381 86.000
55.69412 77.000
55.70443 88.000
55.71473 85.000
55.72504 86.000
55.73535 83.000
55.74566 103.000
55.75597 106.000
55.76627 76.000
55.77658 95.000
55.78689 88.000
55.79720 75.000
55.80751 84.000
55.81781 77.000
55.82812 75.000
55.83843 72.000
55.84874 73.000
55.85905 52.000
55.86935 66.000
55.87966 65.000
55.88997 59.000
55.90028 50.000
55.91059 57.000
55.92089 58.000
55.93120 56.000
55.94151 55.000
55.95182 54.000
55.96212 40.000
55.97243 47.000
55.98274 43.000
55.99305 38.000
56.00336 35.000
56.01366 49.000
56.02397 48.000
56.03428 40.000
56.04459 62.000
56.05490 38.000
56.06520 51.000
56.07551 51.000
56.08582 42.000
56.09613 46.000
56.10644 52.000
56.11674 36.000
56.12705 41.000
56.13736 39.000
56.14767 38.000
56.15797 48.000
56.16828 42.000
56.17859 40.000
56.18890 31.000
56.19921 43.000
56.20951 40.000
56.21982 32.000
56.23013 39.000
56.24044 32.000
56.25075 41.000
56.26105 31.000
56.27136 38.000
56.28167 36.000
56.29198 38.000
56.30229 50.000
56.31259 35.000
56.32290 37.000
56.33321 35.000
56.34352 36.000
56.35382 32.000
56.36413 33.000
56.37444 31.000
56.38475 34.000
56.39506 24.000
56.40536 31.000
56.41567 39.000
56.42598 30.000
56.43629 32.000
56.44660 34.000
56.45690 40.000
56.46721 24.000
56.47752 34.000
56.48783 18.000
56.49814 28.000
56.50844 24.000
56.51875 25.000
56.52906 27.000
56.53937 32.000
56.54967 23.000
56.55998 34.000
56.57029 41.000
56.58060 27.000
56.59091 29.000
56.60121 36.000
56.61152 29.000
56.62183 36.000
56.63214 27.000
56.64245 29.000
56.65275 25.000
56.66306 16.000
56.67337 34.000
56.68368 34.000
56.69399 22.000
56.70429 29.000
56.71460 23.000
56.72491 29.000
56.73522 23.000
56.74553 25.000
56.75583 27.000
56.76614 36.000
56.77645 35.000
56.78676 42.000
56.79706 29.000
56.80737 25.000
56.81768 23.000
56.82799 29.000
56.83830 38.000
56.84860 30.000
56.85891 25.000
56.86922 28.000
56.87953 27.000
56.88984 34.000
56.90014 44.000
56.91045 30.000
56.92076 36.000
56.93107 30.000
56.94138 29.000
56.95168 30.000
56.96199 35.000
56.97230 33.000
56.98261 35.000
56.99291 28.000
57.00322 29.000
57.01353 33.000
57.02384 36.000
57.03415 33.000
57.04445 37.000
57.05476 34.000
57.06507 40.000
57.07538 32.000
57.08569 33.000
57.09599 31.000
57.10630 39.000
57.11661 43.000
57.12692 38.000
57.13723 33.000
57.14753 45.000
57.15784 47.000
57.16815 41.000
57.17846 56.000
57.18876 53.000
57.19907 62.000
57.20938 44.000
57.21969 46.000
57.23000 64.000
57.24030 54.000
57.25061 65.000
57.26092 63.000
57.27123 54.000
57.28154 88.000
57.29184 86.000
57.30215 80.000
57.31246 103.000
57.32277 107.000
57.33308 108.000
57.34338 125.000
57.35369 126.000
57.36400 161.000
57.37431 149.000
57.38461 172.000
57.39492 176.000
57.40523 151.000
57.41554 163.000
57.42585 135.000
57.43615 176.000
57.44646 160.000
57.45677 175.000
57.46708 193.000
57.47739 192.000
57.48769 196.000
57.49800 176.000
57.50831 189.000
57.51862 160.000
57.52893 167.000
57.53923 155.000
57.54954 119.000
57.55985 119.000
57.57016 131.000
57.58047 134.000
57.59077 102.000
57.60108 113.000
57.61139 94.000
57.62170 104.000
57.63200 101.000
57.64231 100.000
57.65262 85.000
57.66293 112.000
57.67324 78.000
57.68354 80.000
57.69385 71.000
57.70416 71.000
57.71447 57.000
57.72478 86.000
57.73508 68.000
57.74539 53.000
57.75570 50.000
57.76601 51.000
57.77632 55.000
57.78662 27.000
57.79693 36.000
57.80724 37.000
57.81755 43.000
57.82785 36.000
57.83816 27.000
57.84847 36.000
57.85878 26.000
57.86909 44.000
57.87939 31.000
57.88970 34.000
57.90001 40.000
57.91032 29.000
57.92063 31.000
57.93093 44.000
57.94124 34.000
57.95155 22.000
57.96186 32.000
57.97217 31.000
57.98247 32.000
57.99278 28.000
58.00309 29.000
58.01340 37.000
58.02370 26.000
58.03401 23.000
58.04432 23.000
58.05463 34.000
58.06494 41.000
58.07524 26.000
58.08555 28.000
58.09586 27.000
58.10617 17.000
58.11648 25.000
58.12678 30.000
58.13709 35.000
58.14740 34.000
58.15771 27.000
58.16802 24.000
58.17832 25.000
58.18863 35.000
58.19894 24.000
58.20925 37.000
58.21955 29.000
58.22986 34.000
58.24017 29.000
58.25048 41.000
58.26079 34.000
58.27109 27.000
58.28140 35.000
58.29171 34.000
58.30202 55.000
58.31233 46.000
58.32263 33.000
58.33294 38.000
58.34325 48.000
58.35356 40.000
58.36387 48.000
58.37417 46.000
58.38448 51.000
58.39479 55.000
58.40510 58.000
58.41541 57.000
58.42571 70.000
58.43602 71.000
58.44633 77.000
58.45664 105.000
58.46694 100.000
58.47725 107.000
58.48756 103.000
58.49787 103.000
58.50818 82.000
58.51848 87.000
58.52879 64.000
58.53910 76.000
58.54941 78.000
58.55972 71.000
58.57002 72.000
58.58033 63.000
58.59064 56.000
58.60095 78.000
58.61126 64.000
58.62156 83.000
58.63187 67.000
58.64218 64.000
58.65249 72.000
58.66279 55.000
58.67310 59.000
58.68341 48.000
58.69372 47.000
58.70403 45.000
58.71433 44.000
58.72464 50.000
58.73495 32.000
58.74526 40.000
58.75557 47.000
58.76587 41.000
58.77618 33.000
58.78649 30.000
58.79680 29.000
58.80711 23.000
58.81741 30.000
58.82772 33.000
58.83803 37.000
58.84834 39.000
58.85864 30.000
58.86895 34.000
58.87926 34.000
58.88957 34.000
58.89988 24.000
58.91018 26.000
58.92049 23.000
58.93080 29.000
58.94111 29.000
58.95142 29.000
58.96172 32.000
58.97203 25.000
58.98234 26.000
58.99265 18.000
59.00296 24.000
59.01326 30.000
59.02357 24.000
59.03388 20.000
59.04419 28.000
59.05450 26.000
59.06480 34.000
59.07511 18.000
59.08542 26.000
59.09573 36.000
59.10603 35.000
59.11634 28.000
59.12665 27.000
59.13696 22.000
59.14727 25.000
59.15757 29.000
59.16788 17.000
59.17819 27.000
59.18850 16.000
59.19881 17.000
59.20911 23.000
59.21942 21.000
59.22973 24.000
59.24004 22.000
59.25035 21.000
59.26065 19.000
59.27096 23.000
59.28127 29.000
59.29158 16.000
59.30188 11.000
59.31219 22.000
59.32250 26.000
59.33281 28.000
59.34312 19.000
59.35342 27.000
59.36373 34.000
59.37404 22.000
59.38435 24.000
59.39466 21.000
59.40496 24.000
59.41527 26.000
59.42558 29.000
59.43589 36.000
59.44620 30.000
59.45650 16.000
59.46681 23.000
59.47712 13.000
59.48743 34.000
59.49773 31.000
59.50804 23.000
59.51835 26.000
59.52866 20.000
59.53897 33.000
59.54927 28.000
59.55958 20.000
59.56989 28.000
59.58020 31.000
59.59051 27.000
59.60081 19.000
59.61112 14.000
59.62143 25.000
59.63174 22.000
59.64205 17.000
59.65235 24.000
59.66266 24.000
59.67297 24.000
59.68328 28.000
59.69358 22.000
59.70389 29.000
59.71420 25.000
59.72451 14.000
59.73482 25.000
59.74512 27.000
59.75543 27.000
59.76574 19.000
59.77605 16.000
59.78636 22.000
59.79666 19.000
59.80697 27.000
59.81728 21.000
59.82759 18.000
59.83790 23.000
59.84820 21.000
59.85851 26.000
59.86882 21.000
59.87913 26.000
59.88944 16.000
59.89974 22.000
59.91005 16.000
59.92036 18.000
59.93067 15.000
59.94097 30.000
59.95128 25.000
59.96159 21.000
59.97190 21.000
59.98221 24.000
59.99251 21.000
60.00282 20.000
60.01313 21.000
60.02344 24.000
60.03375 25.000
60.04405 16.000
60.05436 26.000
60.06467 26.000
60.07498 23.000
60.08529 22.000
60.09559 16.000
60.10590 14.000
60.11621 14.000
60.12652 20.000
60.13682 18.000
60.14713 26.000
60.15744 27.000
60.16775 24.000
60.17806 27.000
60.18836 28.000
60.19867 18.000
60.20898 31.000
60.21929 34.000
60.22960 28.000
60.23990 20.000
60.25021 21.000
60.26052 25.000
60.27083 24.000
60.28114 23.000
60.29144 23.000
60.30175 24.000
60.31206 22.000
60.32237 26.000
60.33267 32.000
60.34298 26.000
60.35329 26.000
60.36360 28.000
60.37391 23.000
60.38421 27.000
60.39452 20.000
60.40483 27.000
60.41514 23.000
60.42545 21.000
60.43575 24.000
60.44606 28.000
60.45637 22.000
60.46668 31.000
60.47699 26.000
60.48729 35.000
60.49760 34.000
60.50791 22.000
60.51822 24.000
60.52852 30.000
60.53883 20.000
60.54914 24.000
60.55945 31.000
60.56976 31.000
60.58006 32.000
60.59037 25.000
60.60068 36.000
60.61099 29.000
60.62130 28.000
60.63160 24.000
60.64191 28.000
60.65222 36.000
60.66253 16.000
60.67284 32.000
60.68314 30.000
60.69345 32.000
60.70376 32.000
60.71407 25.000
60.72438 29.000
60.73468 34.000
60.74499 37.000
60.75530 30.000
60.76561 29.000
60.77591 19.000
60.78622 34.000
60.79653 29.000
60.80684 28.000
60.81715 34.000
60.82745 41.000
60.83776 21.000
60.84807 30.000
60.85838 21.000
60.86869 34.000
60.87899 23.000
60.88930 36.000
60.89961 32.000
60.90992 18.000
60.92023 18.000
60.93053 21.000
60.94084 25.000
60.95115 25.000
60.96146 18.000
60.97176 22.000
60.98207 23.000
60.99238 30.000
61.00269 15.000
61.01300 34.000
61.02330 24.000
61.03361 22.000
61.04392 20.000
61.05423 24.000
61.06454 17.000
61.07484 31.000
61.08515 23.000
61.09546 24.000
61.10577 17.000
61.11608 16.000
61.12638 31.000
61.13669 15.000
61.14700 23.000
61.15731 21.000
61.16761 21.000
61.17792 30.000
61.18823 21.000
61.19854 18.000
61.20885 26.000
61.21915 20.000
61.22946 23.000
61.23977 19.000
61.25008 23.000
61.26039 28.000
61.27069 18.000
61.28100 29.000
61.29131 18.000
61.30162 20.000
61.31193 21.000
61.32223 34.000
61.33254 22.000
61.34285 18.000
61.35316 20.000
61.36346 21.000
61.37377 23.000
61.38408 26.000
61.39439 29.000
61.40470 23.000
61.41500 25.000
61.42531 17.000
61.43562 20.000
61.44593 33.000
61.45624 21.000
61.46654 22.000
61.47685 21.000
61.48716 27.000
61.49747 22.000
61.50778 28.000
61.51808 16.000
61.52839 23.000
61.53870 20.000
61.54901 22.000
61.55932 22.000
61.56962 25.000
61.57993 25.000
61.59024 29.000
61.60055 17.000
61.61085 27.000
61.62116 21.000
61.63147 25.000
61.64178 26.000
61.65209 27.000
61.66239 11.000
61.67270 17.000
61.68301 18.000
61.69332 24.000
61.70363 23.000
61.71393 34.000
61.72424 28.000
61.73455 23.000
61.74486 24.000
61.75517 24.000
61.76547 16.000
61.77578 20.000
61.78609 26.000
61.79640 23.000
61.80670 18.000
61.81701 22.000
61.82732 21.000
61.83763 23.000
61.84794 23.000
61.85824 21.000
61.86855 32.000
61.87886 28.000
61.88917 31.000
61.89948 13.000
61.90978 30.000
61.92009 22.000
61.93040 18.000
61.94071 24.000
61.95102 26.000
61.96132 19.000
61.97163 28.000
61.98194 16.000
61.99225 28.000
62.00255 27.000
62.01286 28.000
62.02317 18.000
62.03348 30.000
62.04379 30.000
62.05409 29.000
62.06440 24.000
62.07471 24.000
62.08502 29.000
62.09533 25.000
62.10563 38.000
62.11594 36.000
62.12625 37.000
62.13656 29.000
62.14687 33.000
62.15717 18.000
62.16748 22.000
62.17779 33.000
62.18810 33.000
62.19840 19.000
62.20871 23.000
62.21902 31.000
62.22933 25.000
62.23964 28.000
62.24994 32.000
62.26025 27.000
62.27056 20.000
62.28087 29.000
62.29118 26.000
62.30148 28.000
62.31179 30.000
62.32210 26.000
62.33241 24.000
62.34272 27.000
62.35302 25.000
62.36333 26.000
62.37364 33.000
62.38395 29.000
62.39426 15.000
62.40456 31.000
62.41487 21.000
62.42518 28.000
62.43549 25.000
62.44579 19.000
62.45610 17.000
62.46641 20.000
62.47672 22.000
62.48703 25.000
62.49733 25.000
62.50764 24.000
62.51795 29.000
62.52826 19.000
62.53857 15.000
62.54887 30.000
62.55918 29.000
62.56949 25.000
62.57980 22.000
62.59011 30.000
62.60041 20.000
62.61072 34.000
62.62103 28.000
62.63134 16.000
62.64164 21.000
62.65195 28.000
62.66226 20.000
62.67257 20.000
62.68288 26.000
62.69318 24.000
62.70349 31.000
62.71380 17.000
62.72411 19.000
62.73442 21.000
62.74472 32.000
62.75503 18.000
62.76534 25.000
62.77565 27.000
62.78596 28.000
62.79626 32.000
62.80657 19.000
62.81688 29.000
62.82719 32.000
62.83749 18.000
62.84780 25.000
62.85811 23.000
62.86842 19.000
62.87873 20.000
62.88903 15.000
62.89934 19.000
62.90965 22.000
62.91996 24.000
62.93027 20.000
62.94057 19.000
62.95088 21.000
62.96119 33.000
62.97150 27.000
62.98181 24.000
62.99211 21.000
63.00242 22.000
63.01273 15.000
63.02304 18.000
63.03334 21.000
63.04365 16.000
63.05396 28.000
63.06427 20.000
63.07458 19.000
63.08488 23.000
63.09519 19.000
63.10550 17.000
63.11581 18.000
63.12612 22.000
63.13642 17.000
63.14673 20.000
63.15704 20.000
63.16735 28.000
63.17766 18.000
63.18796 23.000
63.19827 14.000
63.20858 23.000
63.21889 24.000
63.22920 20.000
63.23950 22.000
63.24981 20.000
63.26012 20.000
63.27043 21.000
63.28073 19.000
63.29104 15.000
63.30135 25.000
63.31166 18.000
63.32197 17.000
63.33227 15.000
63.34258 20.000
63.35289 12.000
63.36320 20.000
63.37351 17.000
63.38381 31.000
63.39412 17.000
63.40443 20.000
63.41474 21.000
63.42505 21.000
63.43535 19.000
63.44566 29.000
63.45597 19.000
63.46628 28.000
63.47658 17.000
63.48689 25.000
63.49720 12.000
63.50751 17.000
63.51782 20.000
63.52812 28.000
63.53843 30.000
63.54874 18.000
63.55905 20.000
63.56936 24.000
63.57966 23.000
63.58997 25.000
63.60028 25.000
63.61059 21.000
63.62090 30.000
63.63120 33.000
63.64151 24.000
63.65182 26.000
63.66213 27.000
63.67243 29.000
63.68274 18.000
63.69305 18.000
63.70336 23.000
63.71367 24.000
63.72397 16.000
63.73428 26.000
63.74459 23.000
63.75490 23.000
63.76521 18.000
63.77551 28.000
63.78582 25.000
63.79613 26.000
63.80644 28.000
63.81675 24.000
63.82705 26.000
63.83736 23.000
63.84767 22.000
63.85798 21.000
63.86828 26.000
63.87859 19.000
63.88890 21.000
63.89921 20.000
63.90952 21.000
63.91982 28.000
63.93013 16.000
63.94044 15.000
63.95075 20.000
63.96106 21.000
63.97136 20.000
63.98167 16.000
63.99198 31.000
64.00229 17.000
64.01260 20.000
64.02290 15.000
64.03321 23.000
64.04352 31.000
64.05383 24.000
64.06414 15.000
64.07444 30.000
64.08475 20.000
64.09506 21.000
64.10537 21.000
64.11567 26.000
64.12598 25.000
64.13629 22.000
64.14660 17.000
64.15691 17.000
64.16721 14.000
64.17752 14.000
64.18783 29.000
64.19814 20.000
64.20845 22.000
64.21875 19.000
64.22906 20.000
64.23937 16.000
64.24968 21.000
64.25999 16.000
64.27029 28.000
64.28060 18.000
64.29091 19.000
64.30122 24.000
64.31152 18.000
64.32183 13.000
64.33214 17.000
64.34245 24.000
64.35276 23.000
64.36306 15.000
64.37337 19.000
64.38368 11.000
64.39399 17.000
64.40430 17.000
64.41460 21.000
64.42491 24.000
64.43522 32.000
64.44553 21.000
64.45584 19.000
64.46614 12.000
64.47645 16.000
64.48676 24.000
64.49707 18.000
64.50737 25.000
64.51768 23.000
64.52799 21.000
64.53830 24.000
64.54861 20.000
64.55891 22.000
64.56922 22.000
64.57953 14.000
64.58984 26.000
64.60015 18.000
64.61045 17.000
64.62076 20.000
64.63107 31.000
64.64138 25.000
64.65169 17.000
64.66199 20.000
64.67230 26.000
64.68261 16.000
64.69292 16.000
64.70322 21.000
64.71353 13.000
64.72384 20.000
64.73415 16.000
64.74446 21.000
64.75476 20.000
64.76507 25.000
64.77538 26.000
64.78569 18.000
64.79600 15.000
64.80630 17.000
64.81661 20.000
64.82692 16.000
64.83723 29.000
64.84754 22.000
64.85784 24.000
64.86815 14.000
64.87846 32.000
64.88877 28.000
64.89908 23.000
64.90938 17.000
64.91969 20.000
64.93000 14.000
64.94031 27.000
64.95061 25.000
64.96092 27.000
64.97123 29.000
64.98154 22.000
64.99185 18.000
65.00215 18.000
65.01246 20.000
65.02277 20.000
65.03308 23.000
65.04339 18.000
65.05369 27.000
65.06400 27.000
65.07431 19.000
65.08462 24.000
65.09493 27.000
65.10523 27.000
65.11554 24.000
65.12585 21.000
65.13616 16.000
65.14646 18.000
65.15677 25.000
65.16708 35.000
65.17739 28.000
65.18770 26.000
65.19800 22.000
65.20831 26.000
65.21862 22.000
65.22893 24.000
65.23924 27.000
65.24954 24.000
65.25985 26.000
65.27016 26.000
65.28047 31.000
65.29078 31.000
65.30108 28.000
65.31139 23.000
65.32170 30.000
65.33201 29.000
65.34231 19.000
65.35262 28.000
65.36293 21.000
65.37324 25.000
65.38355 21.000
65.39385 26.000
65.40416 19.000
65.41447 21.000
65.42478 21.000
65.43509 22.000
65.44539 34.000
65.45570 24.000
65.46601 14.000
65.47632 21.000
65.48663 32.000
65.49693 20.000
65.50724 20.000
65.51755 18.000
65.52786 25.000
65.53816 15.000
65.54847 21.000
65.55878 35.000
65.56909 21.000
65.57940 19.000
65.58970 31.000
65.60001 30.000
65.61032 26.000
65.62063 27.000
65.63094 24.000
65.64124 18.000
65.65155 30.000
65.66186 14.000
65.67217 13.000
65.68248 22.000
65.69278 23.000
65.70309 24.000
65.71340 29.000
65.72371 21.000
65.73402 27.000
65.74432 26.000
65.75463 25.000
65.76494 30.000
65.77525 26.000
65.78555 30.000
65.79586 20.000
65.80617 19.000
65.81648 27.000
65.82679 16.000
65.83709 25.000
65.84740 29.000
65.85771 24.000
65.86802 28.000
65.87833 22.000
65.88863 22.000
65.89894 30.000
65.90925 25.000
65.91956 26.000
65.92987 28.000
65.94017 28.000
65.95048 28.000
65.96079 20.000
65.97110 26.000
65.98140 28.000
65.99171 23.000
66.00202 28.000
66.01233 32.000
66.02264 31.000
66.03294 32.000
66.04325 28.000
66.05356 28.000
66.06387 28.000
66.07418 28.000
66.08448 40.000
66.09479 29.000
66.10510 27.000
66.11541 36.000
66.12572 25.000
66.13602 33.000
66.14633 36.000
66.15664 28.000
66.16695 36.000
66.17725 28.000
66.18756 28.000
66.19787 24.000
66.20818 27.000
66.21849 20.000
66.22879 24.000
66.23910 27.000
66.24941 27.000
66.25972 28.000
66.27003 22.000
66.28033 36.000
66.29064 32.000
66.30095 36.000
66.31126 28.000
66.32157 34.000
66.33187 25.000
66.34218 31.000
66.35249 28.000
66.36280 27.000
66.37310 27.000
66.38341 28.000
66.39372 29.000
66.40403 39.000
66.41434 28.000
66.42464 21.000
66.43495 32.000
66.44526 18.000
66.45557 17.000
66.46588 20.000
66.47618 32.000
66.48649 29.000
66.49680 19.000
66.50711 23.000
66.51742 28.000
66.52772 30.000
66.53803 19.000
66.54834 19.000
66.55865 23.000
66.56896 20.000
66.57926 26.000
66.58957 24.000
66.59988 16.000
66.61019 23.000
66.62049 19.000
66.63080 17.000
66.64111 22.000
66.65142 31.000
66.66173 22.000
66.67203 23.000
66.68234 17.000
66.69265 14.000
66.70296 21.000
66.71327 21.000
66.72357 19.000
66.73388 14.000
66.74419 20.000
66.75450 19.000
66.76481 16.000
66.77511 20.000
66.78542 18.000
66.79573 27.000
66.80604 22.000
66.81634 16.000
66.82665 19.000
66.83696 31.000
66.84727 21.000
66.85758 23.000
66.86788 20.000
66.87819 17.000
66.88850 17.000
66.89881 19.000
66.90912 19.000
66.91942 19.000
66.92973 24.000
66.94004 20.000
66.95035 15.000
66.96066 17.000
66.97096 24.000
66.98127 19.000
66.99158 20.000
67.00189 26.000
67.01219 22.000
67.02250 17.000
67.03281 18.000
67.04312 21.000
67.05343 23.000
67.06373 19.000
67.07404 15.000
67.08435 27.000
67.09466 13.000
67.10497 21.000
67.11527 20.000
67.12558 20.000
67.13589 25.000
67.14620 19.000
67.15651 25.000
67.16681 27.000
67.17712 22.000
67.18743 17.000
67.19774 21.000
67.20804 25.000
67.21835 16.000
67.22866 32.000
67.23897 22.000
67.24928 24.000
67.25958 18.000
67.26989 18.000
67.28020 30.000
67.29051 17.000
67.30082 24.000
67.31112 28.000
67.32143 23.000
67.33174 26.000
67.34205 23.000
67.35236 28.000
67.36266 30.000
67.37297 23.000
67.38328 27.000
67.39359 26.000
67.40390 31.000
67.41420 29.000
67.42451 25.000
67.43482 16.000
67.44513 23.000
67.45543 13.000
67.46574 22.000
67.47605 27.000
67.48636 28.000
67.49667 32.000
67.50697 29.000
67.51728 36.000
67.52759 27.000
67.53790 24.000
67.54821 23.000
67.55851 27.000
67.56882 22.000
67.57913 23.000
67.58944 24.000
67.59975 25.000
67.61005 21.000
67.62036 31.000
67.63067 30.000
67.64098 19.000
67.65128 27.000
67.66159 23.000
67.67190 32.000
67.68221 23.000
67.69252 17.000
67.70282 20.000
67.71313 22.000
67.72344 24.000
67.73375 20.000
67.74406 24.000
67.75436 26.000
67.76467 27.000
67.77498 31.000
67.78529 36.000
67.79560 23.000
67.80590 17.000
67.81621 23.000
67.82652 27.000
67.83683 23.000
67.84713 18.000
67.85744 24.000
67.86775 21.000
67.87806 27.000
67.88837 21.000
67.89867 25.000
67.90898 25.000
67.91929 31.000
67.92960 28.000
67.93991 26.000
67.95021 25.000
67.96052 26.000
67.97083 44.000
67.98114 28.000
67.99145 29.000
68.00175 34.000
68.01206 32.000
68.02237 25.000
68.03268 38.000
68.04299 36.000
68.05329 32.000
68.06360 27.000
68.07391 41.000
68.08422 44.000
68.09452 44.000
68.10483 55.000
68.11514 44.000
68.12545 47.000
68.13576 61.000
68.14606 52.000
68.15637 37.000
68.16668 29.000
68.17699 47.000
68.18730 41.000
68.19760 39.000
68.20791 40.000
68.21822 32.000
68.22853 57.000
68.23884 40.000
68.24914 40.000
68.25945 44.000
68.26976 48.000
68.28007 32.000
68.29037 37.000
68.30068 23.000
68.31099 35.000
68.32130 50.000
68.33161 49.000
68.34191 43.000
68.35222 36.000
68.36253 46.000
68.37284 38.000
68.38315 34.000
68.39345 44.000
68.40376 44.000
68.41407 35.000
68.42438 43.000
68.43469 40.000
68.44499 49.000
68.45530 42.000
68.46561 29.000
68.47592 44.000
68.48622 38.000
68.49653 32.000
68.50684 30.000
68.51715 34.000
68.52746 21.000
68.53776 37.000
68.54807 35.000
68.55838 22.000
68.56869 34.000
68.57900 35.000
68.58930 32.000
68.59961 35.000
68.60992 39.000
68.62023 40.000
68.63054 37.000
68.64084 33.000
68.65115 35.000
68.66146 37.000
68.67177 38.000
68.68207 41.000
68.69238 34.000
68.70269 27.000
68.71300 39.000
68.72331 27.000
68.73361 26.000
68.74392 24.000
68.75423 25.000
68.76454 31.000
68.77485 27.000
68.78515 35.000
68.79546 30.000
68.80577 35.000
68.81608 43.000
68.82639 40.000
68.83669 53.000
68.84700 41.000
68.85731 45.000
68.86762 57.000
68.87793 46.000
68.88823 62.000
68.89854 56.000
68.90885 60.000
68.91916 46.000
68.92946 46.000
68.93977 56.000
68.95008 51.000
68.96039 48.000
68.97070 61.000
68.98100 40.000
68.99131 37.000
69.00162 45.000
69.01193 44.000
69.02224 45.000
69.03254 32.000
69.04285 37.000
69.05316 48.000
69.06347 34.000
69.07378 43.000
69.08408 43.000
69.09439 42.000
69.10470 34.000
69.11501 41.000
69.12531 35.000
69.13562 30.000
69.14593 41.000
69.15624 44.000
69.16655 36.000
69.17685 45.000
69.18716 35.000
69.19747 43.000
69.20778 32.000
69.21809 26.000
69.22839 38.000
69.23870 31.000
69.24901 21.000
69.25932 29.000
69.26963 22.000
69.27993 31.000
69.29024 33.000
69.30055 22.000
69.31086 27.000
69.32116 39.000
69.33147 28.000
69.34178 33.000
69.35209 24.000
69.36240 25.000
69.37270 20.000
69.38301 26.000
69.39332 24.000
69.40363 22.000
69.41394 33.000
69.42424 33.000
69.43455 27.000
69.44486 23.000
69.45517 34.000
69.46548 38.000
69.47578 19.000
69.48609 22.000
69.49640 28.000
69.50671 25.000
69.51701 17.000
69.52732 24.000
69.53763 25.000
69.54794 32.000
69.55825 27.000
69.56855 31.000
69.57886 32.000
69.58917 22.000
69.59948 27.000
69.60979 31.000
69.62009 26.000
69.63040 30.000
69.64071 14.000
69.65102 25.000
69.66133 20.000
69.67163 22.000
69.68194 29.000
69.69225 27.000
69.70256 22.000
69.71287 24.000
69.72317 30.000
69.73348 25.000
69.74379 28.000
69.75410 29.000
69.76440 30.000
69.77471 26.000
69.78502 34.000
69.79533 16.000
69.80564 32.000
69.81594 25.000
69.82625 31.000
69.83656 40.000
69.84687 29.000
69.85718 32.000
69.86748 37.000
69.87779 38.000
69.88810 40.000
69.89841 29.000
69.90872 43.000
69.91902 45.000
69.92933 42.000
69.93964 29.000
69.94995 44.000
69.96025 53.000
69.97056 42.000
69.98087 44.000
69.99118 43.000
70.00149 41.000
70.01179 46.000
70.02210 43.000
70.03241 47.000
70.04272 44.000
70.05303 36.000
70.06333 48.000
70.07364 41.000
70.08395 46.000
70.09426 51.000
70.10457 37.000
70.11487 40.000
70.12518 37.000
70.13549 43.000
70.14580 35.000
70.15610 30.000
70.16641 39.000
70.17672 33.000
70.18703 31.000
70.19734 42.000
70.20764 41.000
70.21795 45.000
70.22826 39.000
70.23857 38.000
70.24888 33.000
70.25918 41.000
70.26949 52.000
70.27980 35.000
70.29011 40.000
70.30042 45.000
70.31072 33.000
70.32103 33.000
70.33134 37.000
70.34165 32.000
70.35195 28.000
70.36226 35.000
70.37257 49.000
70.38288 24.000
70.39319 41.000
70.40349 39.000
70.41380 37.000
70.42411 38.000
70.43442 43.000
70.44473 38.000
70.45503 36.000
70.46534 51.000
70.47565 38.000
70.48596 30.000
70.49627 44.000
70.50657 31.000
70.51688 34.000
70.52719 31.000
70.53750 35.000
70.54781 42.000
70.55811 41.000
70.56842 35.000
70.57873 46.000
70.58904 31.000
70.59934 37.000
70.60965 41.000
70.61996 36.000
70.63027 38.000
70.64058 41.000
70.65088 29.000
70.66119 42.000
70.67150 31.000
70.68181 31.000
70.69212 27.000
70.70242 29.000
70.71273 31.000
70.72304 28.000
70.73335 34.000
70.74366 33.000
70.75396 25.000
70.76427 38.000
70.77458 30.000
70.78489 26.000
70.79519 35.000
70.80550 20.000
70.81581 38.000
70.82612 23.000
70.83643 34.000
70.84673 26.000
70.85704 28.000
70.86735 27.000
70.87766 24.000
70.88797 23.000
70.89827 36.000
70.90858 28.000
70.91889 34.000
70.92920 22.000
70.93951 23.000
70.94981 30.000
70.96012 32.000
70.97043 42.000
70.98074 29.000
70.99104 24.000
71.00135 23.000
71.01166 32.000
71.02197 24.000
71.03228 20.000
71.04258 28.000
71.05289 30.000
71.06320 40.000
71.07351 35.000
71.08382 32.000
71.09412 24.000
71.10443 30.000
71.11474 29.000
71.12505 28.000
71.13536 36.000
71.14566 31.000
71.15597 33.000
71.16628 32.000
71.17659 38.000
71.18689 41.000
71.19720 23.000
71.20751 24.000
71.21782 38.000
71.22813 32.000
71.23843 43.000
71.24874 31.000
71.25905 40.000
71.26936 37.000
71.27967 35.000
71.28997 39.000
71.30028 40.000
71.31059 28.000
71.32090 43.000
71.33121 25.000
71.34151 31.000
71.35182 31.000
71.36213 37.000
71.37244 32.000
71.38275 37.000
71.39305 35.000
71.40336 31.000
71.41367 34.000
71.42398 35.000
71.43428 38.000
71.44459 38.000
71.45490 40.000
71.46521 33.000
71.47552 32.000
71.48582 29.000
71.49613 28.000
71.50644 26.000
71.51675 30.000
71.52706 32.000
71.53736 30.000
71.54767 25.000
71.55798 40.000
71.56829 28.000
71.57860 24.000
71.58890 27.000
71.59921 32.000
71.60952 35.000
71.61983 20.000
71.63013 26.000
71.64044 32.000
71.65075 33.000
71.66106 20.000
71.67137 29.000
71.68167 21.000
71.69198 31.000
71.70229 29.000
71.71260 24.000
71.72291 22.000
71.73321 22.000
71.74352 18.000
71.75383 28.000
71.76414 16.000
71.77445 28.000
71.78475 28.000
71.79506 29.000
71.80537 14.000
71.81568 21.000
71.82598 23.000
71.83629 30.000
71.84660 33.000
71.85691 24.000
71.86722 24.000
71.87752 15.000
71.88783 15.000
71.89814 17.000
71.90845 23.000
71.91876 16.000
71.92906 22.000
71.93937 19.000
71.94968 33.000
71.95999 18.000
71.97030 19.000
71.98060 22.000
71.99091 21.000
72.00122 12.000
72.01153 25.000
72.02183 22.000
72.03214 21.000
72.04245 16.000
72.05276 22.000
72.06307 18.000
72.07337 26.000
72.08368 13.000
72.09399 25.000
72.10430 20.000
72.11461 15.000
72.12491 18.000
72.13522 19.000
72.14553 24.000
72.15584 22.000
72.16615 24.000
72.17645 22.000
72.18676 15.000
72.19707 15.000
72.20738 17.000
72.21769 16.000
72.22799 23.000
72.23830 26.000
72.24861 20.000
72.25892 18.000
72.26922 20.000
72.27953 25.000
72.28984 27.000
72.30015 18.000
72.31046 24.000
72.32076 22.000
72.33107 15.000
72.34138 18.000
72.35169 16.000
72.36200 14.000
72.37230 16.000
72.38261 20.000
72.39292 17.000
72.40323 21.000
72.41354 23.000
72.42384 18.000
72.43415 21.000
72.44446 16.000
72.45477 18.000
72.46507 25.000
72.47538 14.000
72.48569 19.000
72.49600 29.000
72.50631 19.000
72.51661 17.000
72.52692 20.000
72.53723 14.000
72.54754 18.000
72.55785 13.000
72.56815 18.000
72.57846 17.000
72.58877 18.000
72.59908 25.000
72.60939 20.000
72.61969 14.000
72.63000 22.000
72.64031 9.000
72.65062 18.000
72.66092 25.000
72.67123 14.000
72.68154 15.000
72.69185 17.000
72.70216 24.000
72.71246 13.000
72.72277 23.000
72.73308 19.000
72.74339 26.000
72.75370 23.000
72.76400 27.000
72.77431 19.000
72.78462 20.000
72.79493 18.000
72.80524 22.000
72.81554 23.000
72.82585 15.000
72.83616 23.000
72.84647 17.000
72.85677 23.000
72.86708 21.000
72.87739 21.000
72.88770 25.000
72.89801 18.000
72.90831 28.000
72.91862 19.000
72.92893 17.000
72.93924 13.000
72.94955 17.000
72.95985 15.000
72.97016 18.000
72.98047 20.000
72.99078 17.000
73.00109 12.000
73.01139 15.000
73.02170 20.000
73.03201 20.000
73.04232 21.000
73.05263 20.000
73.06293 11.000
73.07324 27.000
73.08355 16.000
73.09386 20.000
73.10416 25.000
73.11447 23.000
73.12478 17.000
73.13509 23.000
73.14540 13.000
73.15570 19.000
73.16601 19.000
73.17632 28.000
73.18663 22.000
73.19694 18.000
73.20724 22.000
73.21755 20.000
73.22786 20.000
73.23817 30.000
73.24848 26.000
73.25878 22.000
73.26909 24.000
73.27940 20.000
73.28971 16.000
73.30001 13.000
73.31032 23.000
73.32063 20.000
73.33094 23.000
73.34125 23.000
73.35155 14.000
73.36186 17.000
73.37217 16.000
73.38248 20.000
73.39279 15.000
73.40309 23.000
73.41340 20.000
73.42371 21.000
73.43402 24.000
73.44433 21.000
73.45463 19.000
73.46494 13.000
73.47525 22.000
73.48556 22.000
73.49586 21.000
73.50617 13.000
73.51648 20.000
73.52679 13.000
73.53710 21.000
73.54740 26.000
73.55771 13.000
73.56802 22.000
73.57833 24.000
73.58864 18.000
73.59894 19.000
73.60925 21.000
73.61956 26.000
73.62987 27.000
73.64018 18.000
73.65048 18.000
73.66079 16.000
73.67110 21.000
73.68141 18.000
73.69171 16.000
73.70202 17.000
73.71233 23.000
73.72264 18.000
73.73295 21.000
73.74325 21.000
73.75356 19.000
73.76387 22.000
73.77418 22.000
73.78449 12.000
73.79479 16.000
73.80510 20.000
73.81541 13.000
73.82572 18.000
73.83603 22.000
73.84633 18.000
73.85664 28.000
73.86695 26.000
73.87726 27.000
73.88757 25.000
73.89787 20.000
73.90818 29.000
73.91849 27.000
73.92880 20.000
73.93910 18.000
73.94941 23.000
73.95972 17.000
73.97003 27.000
73.98034 26.000
73.99064 30.000
74.00095 17.000
74.01126 28.000
74.02157 25.000
74.03188 16.000
74.04218 32.000
74.05249 26.000
74.06280 24.000
74.07311 23.000
74.08342 21.000
74.09372 15.000
74.10403 18.000
74.11434 21.000
74.12465 13.000
74.13495 28.000
74.14526 22.000
74.15557 18.000
74.16588 24.000
74.17619 38.000
74.18649 25.000
74.19680 22.000
74.20711 26.000
74.21742 23.000
74.22773 16.000
74.23803 22.000
74.24834 16.000
74.25865 18.000
74.26896 19.000
74.27927 26.000
74.28957 20.000
74.29988 21.000
74.31019 21.000
74.32050 21.000
74.33080 23.000
74.34111 23.000
74.35142 23.000
74.36173 19.000
74.37204 14.000
74.38234 21.000
74.39265 19.000
74.40296 20.000
74.41327 21.000
74.42358 18.000
74.43388 21.000
74.44419 13.000
74.45450 20.000
74.46481 18.000
74.47512 15.000
74.48542 19.000
74.49573 26.000
74.50604 26.000
74.51635 28.000
74.52665 19.000
74.53696 20.000
74.54727 20.000
74.55758 24.000
74.56789 27.000
74.57819 25.000
74.58850 19.000
74.59881 26.000
74.60912 22.000
74.61943 25.000
74.62973 16.000
74.64004 18.000
74.65035 16.000
74.66066 22.000
74.67097 22.000
74.68127 14.000
74.69158 21.000
74.70189 26.000
74.71220 22.000
74.72251 13.000
74.73281 20.000
74.74312 18.000
74.75343 22.000
74.76374 23.000
74.77404 20.000
74.78435 15.000
74.79466 22.000
74.80497 30.000
74.81528 23.000
74.82558 15.000
74.83589 22.000
74.84620 25.000
74.85651 17.000
74.86682 21.000
74.87712 29.000
74.88743 15.000
74.89774 23.000
74.90805 32.000
74.91836 19.000
74.92866 20.000
74.93897 15.000
74.94928 21.000
74.95959 14.000
74.96989 23.000
74.98020 13.000
74.99051 25.000
75.00082 19.000
75.01113 20.000
75.02143 18.000
75.03174 25.000
75.04205 26.000
75.05236 18.000
75.06267 17.000
75.07297 26.000
75.08328 17.000
75.09359 17.000
75.10390 22.000
75.11421 19.000
75.12451 9.000
75.13482 23.000
75.14513 18.000
75.15544 21.000
75.16574 25.000
75.17605 37.000
75.18636 28.000
75.19667 18.000
75.20698 18.000
75.21728 14.000
75.22759 25.000
75.23790 25.000
75.24821 23.000
75.25852 15.000
75.26882 28.000
75.27913 25.000
75.28944 25.000
75.29975 14.000
75.31006 25.000
75.32036 9.000
75.33067 14.000
75.34098 17.000
75.35129 18.000
75.36159 12.000
75.37190 21.000
75.38221 29.000
75.39252 16.000
75.40283 15.000
75.41313 18.000
75.42344 23.000
75.43375 11.000
75.44406 17.000
75.45437 22.000
75.46467 25.000
75.47498 16.000
75.48529 18.000
75.49560 22.000
75.50591 14.000
75.51621 18.000
75.52652 25.000
75.53683 23.000
75.54714 23.000
75.55745 18.000
75.56775 22.000
75.57806 17.000
75.58837 22.000
75.59868 17.000
75.60898 14.000
75.61929 16.000
75.62960 21.000
75.63991 19.000
75.65022 20.000
75.66052 15.000
75.67083 23.000
75.68114 24.000
75.69145 18.000
75.70176 25.000
75.71206 31.000
75.72237 23.000
75.73268 17.000
75.74299 17.000
75.75330 19.000
75.76360 15.000
75.77391 22.000
75.78422 23.000
75.79453 16.000
75.80483 22.000
75.81514 25.000
75.82545 27.000
75.83576 21.000
75.84607 21.000
75.85637 19.000
75.86668 22.000
75.87699 11.000
75.88730 24.000
75.89761 16.000
75.90791 27.000
75.91822 18.000
75.92853 18.000
75.93884 21.000
75.94915 22.000
75.95945 17.000
75.96976 15.000
75.98007 17.000
75.99038 22.000
76.00068 18.000
76.01099 16.000
76.02130 22.000
76.03161 19.000
76.04192 16.000
76.05222 18.000
76.06253 25.000
76.07284 15.000
76.08315 22.000
76.09346 17.000
76.10376 23.000
76.11407 18.000
76.12438 34.000
76.13469 25.000
76.14500 19.000
76.15530 24.000
76.16561 27.000
76.17592 21.000
76.18623 22.000
76.19653 22.000
76.20684 19.000
76.21715 14.000
76.22746 26.000
76.23777 24.000
76.24807 20.000
76.25838 16.000
76.26869 21.000
76.27900 26.000
76.28931 27.000
76.29961 22.000
76.30992 14.000
76.32023 25.000
76.33054 18.000
76.34085 25.000
76.35115 25.000
76.36146 27.000
76.37177 16.000
76.38208 21.000
76.39239 22.000
76.40269 22.000
76.41300 29.000
76.42331 23.000
76.43362 20.000
76.44392 27.000
76.45423 22.000
76.46454 29.000
76.47485 30.000
76.48516 29.000
76.49546 31.000
76.50577 24.000
76.51608 21.000
76.52639 22.000
76.53670 33.000
76.54700 31.000
76.55731 22.000
76.56762 23.000
76.57793 26.000
76.58824 24.000
76.59854 18.000
76.60885 22.000
76.61916 31.000
76.62947 22.000
76.63977 16.000
76.65008 26.000
76.66039 29.000
76.67070 18.000
76.68101 28.000
76.69131 25.000
76.70162 24.000
76.71193 20.000
76.72224 26.000
76.73255 33.000
76.74285 21.000
76.75316 19.000
76.76347 14.000
76.77378 24.000
76.78409 23.000
76.79439 23.000
76.80470 23.000
76.81501 26.000
76.82532 19.000
76.83562 30.000
76.84593 18.000
76.85624 24.000
76.86655 34.000
76.87686 15.000
76.88716 28.000
76.89747 21.000
76.90778 16.000
76.91809 18.000
76.92840 22.000
76.93870 15.000
76.94901 23.000
76.95932 18.000
76.96963 23.000
76.97994 16.000
76.99024 30.000
77.00055 22.000
77.01086 29.000
77.02117 18.000
77.03148 35.000
77.04178 14.000
77.05209 20.000
77.06240 16.000
77.07271 21.000
77.08301 20.000
77.09332 22.000
77.10363 19.000
77.11394 19.000
77.12425 22.000
77.13455 25.000
77.14486 21.000
77.15517 19.000
77.16548 31.000
77.17579 19.000
77.18609 16.000
77.19640 18.000
77.20671 32.000
77.21702 20.000
77.22733 23.000
77.23763 17.000
77.24794 17.000
77.25825 16.000
77.26856 19.000
77.27886 21.000
77.28917 14.000
77.29948 16.000
77.30979 17.000
77.32010 17.000
77.33040 23.000
77.34071 32.000
77.35102 19.000
77.36133 21.000
77.37164 21.000
77.38194 21.000
77.39225 26.000
77.40256 33.000
77.41287 27.000
77.42318 36.000
77.43348 30.000
77.44379 28.000
77.45410 24.000
77.46441 26.000
77.47471 26.000
77.48502 28.000
77.49533 18.000
77.50564 26.000
77.51595 24.000
77.52625 32.000
77.53656 24.000
77.54687 26.000
77.55718 21.000
77.56749 29.000
77.57779 23.000
77.58810 31.000
77.59841 31.000
77.60872 26.000
77.61903 21.000
77.62933 18.000
77.63964 21.000
77.64995 18.000
77.66026 17.000
77.67056 21.000
77.68087 20.000
77.69118 25.000
77.70149 22.000
77.71180 24.000
77.72210 26.000
77.73241 25.000
77.74272 29.000
77.75303 24.000
77.76334 31.000
77.77364 25.000
77.78395 24.000
77.79426 21.000
77.80457 28.000
77.81488 18.000
77.82518 24.000
77.83549 23.000
77.84580 11.000
77.85611 21.000
77.86642 21.000
77.87672 18.000
77.88703 21.000
77.89734 17.000
77.90765 21.000
77.91795 13.000
77.92826 24.000
77.93857 21.000
77.94888 18.000
77.95919 17.000
77.96949 17.000
77.97980 13.000
77.99011 19.000
78.00042 21.000
78.01073 21.000
78.02103 30.000
78.03134 22.000
78.04165 16.000
78.05196 24.000
78.06227 29.000
78.07257 26.000
78.08288 17.000
78.09319 18.000
78.10350 17.000
78.11380 14.000
78.12411 22.000
78.13442 24.000
78.14473 21.000
78.15504 15.000
78.16534 17.000
78.17565 22.000
78.18596 23.000
78.19627 27.000
78.20658 17.000
78.21688 19.000
78.22719 17.000
78.23750 21.000
78.24781 17.000
78.25812 18.000
78.26842 21.000
78.27873 17.000
78.28904 23.000
78.29935 31.000
78.30965 15.000
78.31996 12.000
78.33027 25.000
78.34058 18.000
78.35089 22.000
78.36119 22.000
78.37150 11.000
78.38181 20.000
78.39212 10.000
78.40243 21.000
78.41273 21.000
78.42304 19.000
78.43335 20.000
78.44366 17.000
78.45397 22.000
78.46427 25.000
78.47458 17.000
78.48489 26.000
78.49520 27.000
78.50550 19.000
78.51581 20.000
78.52612 18.000
78.53643 19.000
78.54674 21.000
78.55704 25.000
78.56735 25.000
78.57766 20.000
78.58797 13.000
78.59828 17.000
78.60858 20.000
78.61889 15.000
78.62920 21.000
78.63951 26.000
78.64982 23.000
78.66012 21.000
78.67043 24.000
78.68074 22.000
78.69105 17.000
78.70136 24.000
78.71166 22.000
78.72197 27.000
78.73228 23.000
78.74259 12.000
78.75289 21.000
78.76320 17.000
78.77351 22.000
78.78382 23.000
78.79413 18.000
78.80443 26.000
78.81474 31.000
78.82505 25.000
78.83536 25.000
78.84567 21.000
78.85597 20.000
78.86628 27.000
78.87659 32.000
78.88690 17.000
78.89721 15.000
78.90751 17.000
78.91782 20.000
78.92813 28.000
78.93844 21.000
78.94874 14.000
78.95905 14.000
78.96936 18.000
78.97967 25.000
78.98998 20.000
79.00028 19.000
79.01059 13.000
79.02090 22.000
79.03121 22.000
79.04152 24.000
79.05182 20.000
79.06213 25.000
79.07244 21.000
79.08275 17.000
79.09306 20.000
79.10336 20.000
79.11367 21.000
79.12398 20.000
79.13429 28.000
79.14459 25.000
79.15490 21.000
79.16521 33.000
79.17552 23.000
79.18583 19.000
79.19613 19.000
79.20644 25.000
79.21675 18.000
79.22706 25.000
79.23737 21.000
79.24767 16.000
79.25798 16.000
79.26829 21.000
79.27860 20.000
79.28891 20.000
79.29921 27.000
79.30952 12.000
79.31983 13.000
79.33014 17.000
79.34044 22.000
79.35075 24.000
79.36106 33.000
79.37137 14.000
79.38168 25.000
79.39198 14.000
79.40229 21.000
79.41260 33.000
79.42291 27.000
79.43322 22.000
79.44352 25.000
79.45383 29.000
79.46414 21.000
79.47445 24.000
79.48476 17.000
79.49506 23.000
79.50537 28.000
79.51568 20.000
79.52599 26.000
79.53630 27.000
79.54660 27.000
79.55691 22.000
79.56722 28.000
79.57753 25.000
79.58783 23.000
79.59814 29.000
79.60845 22.000
79.61876 14.000
79.62907 23.000
79.63937 25.000
79.64968 21.000
79.65999 24.000
79.67030 32.000
79.68061 27.000
79.69091 18.000
79.70122 20.000
79.71153 28.000
79.72184 25.000
79.73215 22.000
79.74245 22.000
79.75276 14.000
79.76307 18.000
79.77338 18.000
79.78368 19.000
79.79399 33.000
79.80430 26.000
79.81461 26.000
79.82492 15.000
79.83522 26.000
79.84553 32.000
79.85584 18.000
79.86615 24.000
79.87646 25.000
79.88676 25.000
79.89707 21.000
79.90738 25.000
79.91769 24.000
79.92800 29.000
79.93830 23.000
79.94861 31.000
79.95892 25.000
79.96923 21.000
79.97953 33.000
79.98984 23.000
80.00015 25.000
